# --- full sequence --- -------------- this domain ------------- hmm coord ali coord env coord
# target name accession tlen query name accession qlen E-value score bias # of c-Evalue i-Evalue score bias from to from to from to acc description of target
#------------------- ---------- ----- -------------------- ---------- ----- --------- ------ ----- --- --- --------- --------- ------ ----- ----- ----- ----- ----- ----- ----- ---- ---------------------
108_T168-R1 - 887 AAA PF00004.31 132 2.4e-05 15.3 0.0 1 1 7.9e-06 5.8e-05 14.1 0.0 3 67 179 265 177 271 0.74 -
108_T461-R1 - 910 AAA PF00004.31 132 3.7e-05 14.7 0.0 1 1 1.1e-05 8e-05 13.7 0.0 3 23 180 205 178 268 0.61 -
108_T258-R1 - 908 AAA PF00004.31 132 4.3e-05 14.5 0.0 1 1 1.2e-05 8.5e-05 13.6 0.0 3 67 188 275 186 277 0.68 -
108_T258-R1 - 908 AAA_14 PF13173.8 130 9.9e-08 22.6 0.5 1 2 2.5e-07 6.1e-07 20.1 0.2 3 82 184 284 182 306 0.67 -
108_T258-R1 - 908 AAA_14 PF13173.8 130 9.9e-08 22.6 0.5 2 2 0.93 2.3 -1.2 0.0 107 129 389 416 384 416 0.75 -
108_T256-R1 - 900 AAA_14 PF13173.8 130 2.6e-07 21.3 0.3 1 1 9e-07 2.2e-06 18.3 0.3 3 79 183 281 181 307 0.61 -
108_T483-R1 - 902 AAA_14 PF13173.8 130 3.6e-07 20.8 0.0 1 2 7.3e-07 1.8e-06 18.6 0.0 3 97 184 297 182 308 0.58 -
108_T483-R1 - 902 AAA_14 PF13173.8 130 3.6e-07 20.8 0.0 2 2 3.7 9.1 -3.1 0.0 9 41 385 413 384 432 0.73 -
108_T413-R1 - 912 AAA_14 PF13173.8 130 5.1e-07 20.3 0.0 1 1 7.1e-07 1.7e-06 18.6 0.0 3 80 189 286 187 304 0.56 -
108_T453-R1 - 911 AAA_14 PF13173.8 130 1.1e-06 19.2 0.0 1 1 2.3e-06 5.6e-06 17.0 0.0 3 97 186 299 184 308 0.60 -
108_T221-R1 - 881 AAA_14 PF13173.8 130 1.6e-06 18.8 0.0 1 1 2.3e-06 5.6e-06 17.0 0.0 3 80 187 284 185 297 0.57 -
108_T390-R1 - 907 AAA_14 PF13173.8 130 1.7e-06 18.7 0.0 1 1 2.2e-06 5.4e-06 17.0 0.0 3 97 184 297 182 310 0.59 -
108_T317-R1 - 927 AAA_14 PF13173.8 130 3.4e-05 14.4 0.1 1 1 7.5e-05 0.00018 12.1 0.1 3 73 194 289 192 313 0.60 -
108_T461-R1 - 910 AAA_14 PF13173.8 130 4e-05 14.2 0.1 1 1 5.7e-05 0.00014 12.5 0.1 3 97 176 289 174 303 0.60 -
108_T390-R1 - 907 AAA_16 PF13191.8 170 5.4e-09 27.2 0.2 1 2 4.7 4.7 -1.9 0.1 2 21 31 50 30 59 0.81 -
108_T390-R1 - 907 AAA_16 PF13191.8 170 5.4e-09 27.2 0.2 2 2 1.9e-08 1.9e-08 25.4 0.0 2 83 163 232 162 274 0.70 -
108_T473-R1 - 892 AAA_16 PF13191.8 170 4.8e-08 24.1 0.1 1 2 6.4 6.4 -2.4 0.0 5 24 32 51 12 93 0.74 -
108_T473-R1 - 892 AAA_16 PF13191.8 170 4.8e-08 24.1 0.1 2 2 3e-07 3e-07 21.5 0.0 11 88 161 225 158 266 0.64 -
108_T207-R1 - 950 AAA_16 PF13191.8 170 6.8e-08 23.6 0.0 1 2 7.7 7.7 -2.6 0.0 72 103 18 51 4 90 0.47 -
108_T207-R1 - 950 AAA_16 PF13191.8 170 6.8e-08 23.6 0.0 2 2 2.4e-07 2.4e-07 21.8 0.0 10 127 159 323 156 337 0.65 -
108_T256-R1 - 900 AAA_16 PF13191.8 170 6.9e-08 23.6 0.0 1 1 1.9e-07 1.9e-07 22.1 0.0 2 143 162 273 161 285 0.61 -
108_T453-R1 - 911 AAA_16 PF13191.8 170 8.7e-08 23.2 0.3 1 2 4.1 4.1 -1.7 0.1 2 22 31 51 30 62 0.82 -
108_T453-R1 - 911 AAA_16 PF13191.8 170 8.7e-08 23.2 0.3 2 2 3.6e-07 3.6e-07 21.2 0.0 3 63 166 230 164 275 0.76 -
108_T221-R1 - 881 AAA_16 PF13191.8 170 9.6e-08 23.1 0.1 1 2 2.7 2.7 -1.1 0.0 1 21 30 50 30 55 0.85 -
108_T221-R1 - 881 AAA_16 PF13191.8 170 9.6e-08 23.1 0.1 2 2 5.8e-07 5.8e-07 20.5 0.0 13 87 174 239 166 290 0.71 -
108_T514.1-R1 - 851 AAA_16 PF13191.8 170 1.1e-07 22.9 0.2 1 2 5.5 5.5 -2.2 0.1 58 127 29 62 7 100 0.53 -
108_T514.1-R1 - 851 AAA_16 PF13191.8 170 1.1e-07 22.9 0.2 2 2 3.8e-07 3.8e-07 21.1 0.0 1 97 157 243 157 314 0.83 -
108_T413-R1 - 912 AAA_16 PF13191.8 170 1.1e-07 22.8 1.5 1 2 2.8 2.8 -1.2 0.0 1 21 30 50 30 55 0.85 -
108_T413-R1 - 912 AAA_16 PF13191.8 170 1.1e-07 22.8 1.5 2 2 5.3e-07 5.3e-07 20.7 0.4 16 94 179 244 168 287 0.58 -
108_T208-R1 - 973 AAA_16 PF13191.8 170 1.3e-07 22.6 0.0 1 1 3.7e-07 3.7e-07 21.2 0.0 10 104 160 252 157 338 0.69 -
108_T269-R1 - 890 AAA_16 PF13191.8 170 1.7e-07 22.3 0.0 1 1 5.2e-07 5.2e-07 20.7 0.0 11 90 163 229 159 269 0.70 -
108_T319.1-R1 - 839 AAA_16 PF13191.8 170 1.8e-07 22.2 0.1 1 1 1.3e-06 1.3e-06 19.4 0.1 12 63 121 179 114 226 0.80 -
108_T516-R1 - 921 AAA_16 PF13191.8 170 2.1e-07 22.0 0.0 1 1 5.6e-07 5.6e-07 20.6 0.0 10 106 160 254 157 338 0.63 -
108_T483-R1 - 902 AAA_16 PF13191.8 170 2.1e-07 22.0 0.0 1 1 6.5e-07 6.5e-07 20.4 0.0 22 85 181 234 165 275 0.70 -
108_T258-R1 - 908 AAA_16 PF13191.8 170 2.6e-07 21.7 0.0 1 1 5.4e-07 5.4e-07 20.6 0.0 2 92 163 254 162 290 0.60 -
108_T458-R1 - 882 AAA_16 PF13191.8 170 3.2e-07 21.4 0.0 1 1 1.2e-06 1.2e-06 19.5 0.0 11 57 163 210 157 268 0.78 -
108_T319.2-R1 - 895 AAA_16 PF13191.8 170 4.3e-07 21.0 0.1 1 1 1.3e-06 1.3e-06 19.4 0.1 11 52 163 210 157 267 0.80 -
108_T329-R1 - 856 AAA_16 PF13191.8 170 7.5e-07 20.2 0.1 1 1 3.2e-06 3.2e-06 18.1 0.1 12 99 160 236 154 264 0.59 -
108_T461-R1 - 910 AAA_16 PF13191.8 170 8e-07 20.1 0.1 1 1 2.7e-06 2.7e-06 18.4 0.1 12 52 162 203 154 265 0.70 -
108_T317-R1 - 927 AAA_16 PF13191.8 170 8.6e-07 20.0 0.0 1 1 1.8e-06 1.8e-06 19.0 0.0 18 144 185 288 181 289 0.80 -
108_T168-R1 - 887 AAA_16 PF13191.8 170 8.6e-07 20.0 0.1 1 1 4.1e-06 4.1e-06 17.8 0.1 13 144 163 265 156 267 0.69 -
108_T495-R1 - 860 AAA_16 PF13191.8 170 2.7e-06 18.4 0.1 1 1 8.4e-06 8.4e-06 16.8 0.1 15 104 162 240 155 264 0.58 -
108_T506-R1 - 857 AAA_16 PF13191.8 170 8.3e-06 16.8 0.2 1 1 3.1e-05 3.1e-05 14.9 0.2 21 100 172 240 159 287 0.64 -
108_T514.1-R1 - 851 AAA_18 PF13238.8 129 1.7e-09 28.9 0.5 1 2 0.45 0.91 0.7 0.2 17 111 9 120 5 131 0.63 -
108_T514.1-R1 - 851 AAA_18 PF13238.8 129 1.7e-09 28.9 0.5 2 2 1.1e-08 2.2e-08 25.3 0.0 4 120 186 314 184 322 0.86 -
108_T258-R1 - 908 AAA_18 PF13238.8 129 2.9e-05 15.2 0.0 1 1 4e-05 8e-05 13.8 0.0 2 83 187 277 186 305 0.71 -
108_T317-R1 - 927 AAA_18 PF13238.8 129 3.1e-05 15.1 0.0 1 2 7.5e-05 0.00015 12.9 0.0 1 45 196 244 196 287 0.75 -
108_T317-R1 - 927 AAA_18 PF13238.8 129 3.1e-05 15.1 0.0 2 2 3.1 6.2 -2.0 0.0 48 114 826 897 808 903 0.67 -
108_T458-R1 - 882 AAA_18 PF13238.8 129 4.3e-05 14.6 0.0 1 1 5.8e-05 0.00012 13.3 0.0 3 61 181 258 179 297 0.75 -
108_T473-R1 - 892 AAA_18 PF13238.8 129 7.3e-05 13.9 0.1 1 2 0.0002 0.00039 11.6 0.0 3 62 179 242 177 299 0.74 -
108_T473-R1 - 892 AAA_18 PF13238.8 129 7.3e-05 13.9 0.1 2 2 8.8 18 -3.5 0.0 27 68 470 511 458 538 0.64 -
108_T329-R1 - 856 AAA_18 PF13238.8 129 7.7e-05 13.8 0.0 1 1 0.0001 0.00021 12.4 0.0 3 107 177 315 175 329 0.77 -
108_T208-R1 - 973 AAA_18 PF13238.8 129 7.7e-05 13.8 0.0 1 1 0.00021 0.00042 11.5 0.0 3 53 179 248 177 271 0.80 -
108_T207-R1 - 950 AAA_18 PF13238.8 129 8.3e-05 13.7 0.0 1 1 0.0002 0.0004 11.5 0.0 3 53 178 247 176 271 0.80 -
108_T495-R1 - 860 AAA_18 PF13238.8 129 8.7e-05 13.7 0.0 1 1 9.5e-05 0.00019 12.6 0.0 3 100 176 306 174 318 0.73 -
108_T516-R1 - 921 AAA_18 PF13238.8 129 0.00014 13.0 0.0 1 1 0.00033 0.00066 10.8 0.0 3 51 179 246 177 273 0.75 -
108_T256-R1 - 900 AAA_18 PF13238.8 129 0.00028 12.0 0.9 1 3 6.8 14 -3.1 0.0 17 60 51 93 47 102 0.70 -
108_T256-R1 - 900 AAA_18 PF13238.8 129 0.00028 12.0 0.9 2 3 0.00055 0.0011 10.1 0.0 2 84 186 277 185 307 0.61 -
108_T256-R1 - 900 AAA_18 PF13238.8 129 0.00028 12.0 0.9 3 3 7.2 14 -3.2 0.0 27 67 466 506 446 547 0.59 -
108_T258-R1 - 908 AAA_22 PF13401.8 137 6.4e-09 26.8 0.0 1 1 1.5e-08 1.5e-08 25.5 0.0 7 99 185 274 181 276 0.80 -
108_T514.1-R1 - 851 AAA_22 PF13401.8 137 1.4e-08 25.7 0.2 1 1 5.3e-08 5.6e-08 23.7 0.0 7 100 182 267 176 270 0.89 -
108_T269-R1 - 890 AAA_22 PF13401.8 137 2.4e-08 24.9 0.0 1 1 6.8e-08 7.1e-08 23.4 0.0 4 99 175 266 172 269 0.88 -
108_T256-R1 - 900 AAA_22 PF13401.8 137 1.3e-07 22.5 0.1 1 2 5.6e-07 5.9e-07 20.4 0.0 6 99 183 273 178 274 0.86 -
108_T256-R1 - 900 AAA_22 PF13401.8 137 1.3e-07 22.5 0.1 2 2 7 7.3 -2.6 0.0 39 62 695 718 663 740 0.58 -
108_T506-R1 - 857 AAA_22 PF13401.8 137 1.9e-07 22.0 0.1 1 2 1.2e-06 1.3e-06 19.3 0.0 10 99 180 264 172 267 0.86 -
108_T506-R1 - 857 AAA_22 PF13401.8 137 1.9e-07 22.0 0.1 2 2 3.2 3.3 -1.5 0.0 106 136 578 610 530 611 0.74 -
108_T461-R1 - 910 AAA_22 PF13401.8 137 2.5e-07 21.6 0.1 1 3 1.7e-06 1.8e-06 18.8 0.0 3 100 173 264 170 277 0.83 -
108_T461-R1 - 910 AAA_22 PF13401.8 137 2.5e-07 21.6 0.1 2 3 7.4 7.8 -2.7 0.0 98 115 651 667 651 695 0.69 -
108_T461-R1 - 910 AAA_22 PF13401.8 137 2.5e-07 21.6 0.1 3 3 3.6 3.7 -1.6 0.0 35 52 690 715 675 730 0.62 -
108_T413-R1 - 912 AAA_22 PF13401.8 137 3.1e-07 21.3 0.0 1 1 8.6e-07 9e-07 19.8 0.0 5 99 188 277 184 278 0.74 -
108_T516-R1 - 921 AAA_22 PF13401.8 137 6e-07 20.4 0.1 1 2 2.7e-06 2.9e-06 18.2 0.0 6 100 175 265 170 270 0.89 -
108_T516-R1 - 921 AAA_22 PF13401.8 137 6e-07 20.4 0.1 2 2 6.5 6.8 -2.5 0.1 94 112 681 706 647 745 0.59 -
108_T208-R1 - 973 AAA_22 PF13401.8 137 9.8e-07 19.7 0.0 1 1 3.5e-06 3.6e-06 17.8 0.0 6 100 175 265 170 270 0.89 -
108_T207-R1 - 950 AAA_22 PF13401.8 137 1.1e-06 19.5 0.0 1 1 3.4e-06 3.5e-06 17.9 0.0 6 100 174 264 169 269 0.89 -
108_T221-R1 - 881 AAA_22 PF13401.8 137 1.2e-06 19.5 0.0 1 1 3.4e-06 3.5e-06 17.9 0.0 6 99 187 275 183 278 0.75 -
108_T317-R1 - 927 AAA_22 PF13401.8 137 6e-06 17.2 0.0 1 1 1.5e-05 1.5e-05 15.8 0.0 7 99 195 287 191 288 0.72 -
108_T483-R1 - 902 AAA_22 PF13401.8 137 7.7e-06 16.8 0.0 1 1 1.9e-05 1.9e-05 15.5 0.0 7 98 185 271 180 273 0.73 -
108_T390-R1 - 907 AAA_22 PF13401.8 137 1.5e-05 15.8 0.0 1 1 6.1e-05 6.4e-05 13.8 0.0 7 66 185 240 179 273 0.76 -
108_T473-R1 - 892 AAA_22 PF13401.8 137 3.9e-05 14.5 0.0 1 1 0.00015 0.00016 12.5 0.0 6 99 175 264 170 267 0.85 -
108_T453-R1 - 911 AAA_22 PF13401.8 137 4.4e-05 14.3 0.0 1 1 0.00013 0.00013 12.8 0.0 7 99 187 274 182 275 0.69 -
108_T329-R1 - 856 AAA_22 PF13401.8 137 6.5e-05 13.8 0.0 1 1 0.0002 0.00021 12.2 0.0 8 99 175 261 169 264 0.85 -
108_T458-R1 - 882 AAA_22 PF13401.8 137 0.00011 13.1 0.0 1 2 1.4 1.5 -0.3 0.0 95 132 122 162 106 167 0.79 -
108_T458-R1 - 882 AAA_22 PF13401.8 137 0.00011 13.1 0.0 2 2 0.0012 0.0013 9.6 0.0 7 99 178 266 173 271 0.73 -
108_T319.2-R1 - 895 AAA_22 PF13401.8 137 0.00013 12.9 0.0 1 2 8.6 9 -2.9 0.0 91 130 115 160 79 166 0.59 -
108_T319.2-R1 - 895 AAA_22 PF13401.8 137 0.00013 12.9 0.0 2 2 0.00081 0.00085 10.2 0.0 6 71 177 240 172 269 0.65 -
108_T495-R1 - 860 AAA_22 PF13401.8 137 0.00013 12.8 0.0 1 1 0.00037 0.00038 11.3 0.0 10 99 176 260 172 262 0.85 -
108_T168-R1 - 887 AAA_22 PF13401.8 137 0.00015 12.6 0.0 1 1 0.00043 0.00045 11.1 0.0 9 99 178 264 170 266 0.80 -
108_T461-R1 - 910 AAA_23 PF13476.8 200 9.1e-05 13.6 0.0 1 1 2.1e-05 0.00023 12.2 0.0 13 39 164 195 160 201 0.91 -
108_T329-R1 - 856 AAA_23 PF13476.8 200 0.002 9.2 8.4 1 4 0.12 1.3 -0.0 0.0 154 185 36 69 22 91 0.64 -
108_T329-R1 - 856 AAA_23 PF13476.8 200 0.002 9.2 8.4 2 4 0.0012 0.014 6.5 0.0 24 39 177 192 171 197 0.91 -
108_T329-R1 - 856 AAA_23 PF13476.8 200 0.002 9.2 8.4 3 4 1.4 15 -3.5 1.0 164 187 217 240 210 260 0.41 -
108_T329-R1 - 856 AAA_23 PF13476.8 200 0.002 9.2 8.4 4 4 0.0019 0.021 5.9 0.0 87 193 521 664 477 673 0.77 -
108_T319.1-R1 - 839 AAA_24 PF13479.8 196 1.3e-05 15.5 0.1 1 1 3.5e-06 2.6e-05 14.6 0.1 5 35 136 164 133 215 0.92 -
108_T256-R1 - 900 AAA_24 PF13479.8 196 9.2e-05 12.7 0.2 1 2 0.8 5.8 -2.9 0.0 67 80 64 77 21 138 0.60 -
108_T256-R1 - 900 AAA_24 PF13479.8 196 9.2e-05 12.7 0.2 2 2 3.4e-05 0.00025 11.4 0.0 5 61 185 242 182 279 0.84 -
108_T461-R1 - 910 AAA_24 PF13479.8 196 0.00026 11.3 0.2 1 1 7.4e-05 0.00055 10.2 0.2 5 26 178 198 176 205 0.85 -
108_T258-R1 - 908 AAA_28 PF13521.8 163 0.00015 12.6 0.1 1 2 2.3e-05 0.00051 10.8 0.0 2 79 186 273 185 275 0.73 -
108_T258-R1 - 908 AAA_28 PF13521.8 163 0.00015 12.6 0.1 2 2 0.23 5 -2.1 0.0 23 63 458 498 450 510 0.69 -
108_T516-R1 - 921 AAA_30 PF13604.8 192 4.4e-05 13.8 0.0 1 1 2.1e-05 7.7e-05 13.0 0.0 8 67 164 227 157 271 0.70 -
108_T207-R1 - 950 AAA_30 PF13604.8 192 5e-05 13.6 0.0 1 1 2.4e-05 8.7e-05 12.8 0.0 8 66 163 225 156 270 0.70 -
108_T208-R1 - 973 AAA_30 PF13604.8 192 5.4e-05 13.5 0.0 1 1 2.4e-05 8.9e-05 12.8 0.0 8 66 164 226 157 271 0.70 -
108_T458-R1 - 882 AAA_30 PF13604.8 192 0.00012 12.4 0.0 1 1 6.1e-05 0.00022 11.5 0.0 11 47 169 212 159 277 0.67 -
108_T319.1-R1 - 839 AAA_30 PF13604.8 192 0.00015 12.1 0.0 1 1 7e-05 0.00026 11.3 0.0 8 49 123 166 121 204 0.82 -
108_T319.2-R1 - 895 AAA_30 PF13604.8 192 0.0002 11.7 0.0 1 1 9.6e-05 0.00035 10.8 0.0 10 49 168 209 159 218 0.81 -
108_T317-R1 - 927 AAA_33 PF13671.8 143 6.4e-07 20.2 0.0 1 1 3.5e-07 1.5e-06 19.0 0.0 1 76 195 286 195 297 0.70 -
108_T258-R1 - 908 AAA_33 PF13671.8 143 8.8e-05 13.3 0.0 1 2 0.43 1.9 -0.8 0.0 55 93 115 156 47 171 0.76 -
108_T258-R1 - 908 AAA_33 PF13671.8 143 8.8e-05 13.3 0.0 2 2 0.00011 0.00049 10.8 0.0 1 40 185 237 185 281 0.67 -
108_T390-R1 - 907 AAA_33 PF13671.8 143 9.4e-05 13.2 0.0 1 2 0.31 1.4 -0.3 0.0 55 101 115 163 82 178 0.73 -
108_T390-R1 - 907 AAA_33 PF13671.8 143 9.4e-05 13.2 0.0 2 2 0.00017 0.00076 10.2 0.0 1 93 185 287 185 353 0.62 -
108_T453-R1 - 911 AAA_33 PF13671.8 143 0.00014 12.6 0.1 1 1 0.00019 0.00081 10.1 0.1 1 122 187 341 187 358 0.53 -
108_T221-R1 - 881 AAA_33 PF13671.8 143 0.00017 12.3 0.0 1 1 9.3e-05 0.00041 11.1 0.0 1 96 188 293 188 325 0.62 -
108_T461-R1 - 910 ABC_tran PF00005.29 137 1.9e-05 15.7 1.6 1 2 0.00025 0.00079 10.5 0.3 13 36 177 200 169 209 0.84 -
108_T461-R1 - 910 ABC_tran PF00005.29 137 1.9e-05 15.7 1.6 2 2 0.065 0.2 2.7 0.0 112 134 241 263 239 265 0.94 -
108_T473-R1 - 892 ABC_tran PF00005.29 137 3.9e-05 14.8 0.0 1 1 5.4e-05 0.00017 12.7 0.0 13 74 176 247 171 294 0.74 -
108_T329-R1 - 856 ABC_tran PF00005.29 137 5.5e-05 14.3 0.1 1 2 2.8 8.7 -2.6 0.0 52 95 35 82 22 102 0.65 -
108_T329-R1 - 856 ABC_tran PF00005.29 137 5.5e-05 14.3 0.1 2 2 7.9e-05 0.00025 12.2 0.0 5 35 166 196 165 271 0.78 -
108_T207-R1 - 950 ABC_tran PF00005.29 137 9e-05 13.6 0.2 1 2 0.47 1.5 -0.1 0.0 53 121 34 102 17 107 0.60 -
108_T207-R1 - 950 ABC_tran PF00005.29 137 9e-05 13.6 0.2 2 2 0.00025 0.00079 10.5 0.0 13 51 175 208 172 272 0.62 -
108_T458-R1 - 882 ABC_tran PF00005.29 137 0.00013 13.0 0.3 1 2 2.7 8.5 -2.5 0.1 53 92 35 79 24 99 0.59 -
108_T458-R1 - 882 ABC_tran PF00005.29 137 0.00013 13.0 0.3 2 2 0.00017 0.00055 11.0 0.0 12 42 177 207 171 272 0.78 -
108_T516-R1 - 921 ABC_tran PF00005.29 137 0.00013 13.0 0.4 1 2 1.2 3.7 -1.4 0.1 68 120 51 102 24 107 0.52 -
108_T516-R1 - 921 ABC_tran PF00005.29 137 0.00013 13.0 0.4 2 2 0.00021 0.00065 10.8 0.0 13 74 176 236 173 273 0.61 -
108_T208-R1 - 973 ABC_tran PF00005.29 137 0.00018 12.6 0.3 1 2 1.3 4.2 -1.5 0.1 68 120 51 102 25 107 0.52 -
108_T208-R1 - 973 ABC_tran PF00005.29 137 0.00018 12.6 0.3 2 2 0.00026 0.00082 10.5 0.0 13 51 176 209 173 273 0.62 -
108_T461-R1 - 910 ATPase_2 PF01637.20 233 2.8e-08 24.4 0.2 1 2 9.9e-08 3.1e-07 21.0 0.1 11 52 166 209 160 271 0.76 -
108_T461-R1 - 910 ATPase_2 PF01637.20 233 2.8e-08 24.4 0.2 2 2 0.13 0.4 1.0 0.0 184 232 301 354 253 355 0.75 -
108_T319.1-R1 - 839 ATPase_2 PF01637.20 233 6.2e-06 16.8 0.0 1 1 5.1e-06 1.6e-05 15.4 0.0 19 91 132 217 121 301 0.82 -
108_T269-R1 - 890 ATPase_2 PF01637.20 233 6.8e-06 16.6 0.0 1 1 5.1e-06 1.6e-05 15.4 0.0 19 94 175 263 163 277 0.78 -
108_T319.2-R1 - 895 ATPase_2 PF01637.20 233 7.9e-06 16.4 0.0 1 1 5.7e-06 1.8e-05 15.3 0.0 6 65 162 224 158 275 0.76 -
108_T168-R1 - 887 ATPase_2 PF01637.20 233 9.5e-06 16.2 0.0 1 1 8.2e-06 2.6e-05 14.7 0.0 22 91 176 258 162 276 0.67 -
108_T458-R1 - 882 ATPase_2 PF01637.20 233 1.8e-05 15.3 0.0 1 1 1.3e-05 4e-05 14.1 0.0 6 71 162 237 158 278 0.70 -
108_T208-R1 - 973 ATPase_2 PF01637.20 233 0.00014 12.4 0.0 1 1 0.00016 0.00049 10.5 0.0 22 76 176 244 159 337 0.79 -
108_T461-R1 - 910 Bac_DnaA PF00308.20 219 0.00019 11.8 0.0 1 1 1.8e-05 0.00041 10.8 0.0 39 67 180 208 170 226 0.86 -
108_T458-R1 - 882 C5HCH PF17982.3 50 6.2e-05 13.7 0.2 1 1 9.2e-06 0.0002 12.1 0.2 13 37 101 125 94 131 0.89 -
108_T208-R1 - 973 CbiA PF01656.25 127 0.00013 12.6 0.0 1 1 0.00011 0.00078 10.1 0.0 6 122 181 668 176 670 0.85 -
108_T207-R1 - 950 CbiA PF01656.25 127 0.00013 12.6 0.0 1 1 0.00011 0.00078 10.1 0.0 6 122 180 679 175 681 0.84 -
108_T317-R1 - 927 CbiA PF01656.25 127 0.00039 11.1 2.8 1 2 0.23 1.7 -0.7 0.3 7 25 51 69 48 75 0.84 -
108_T317-R1 - 927 CbiA PF01656.25 127 0.00039 11.1 2.8 2 2 6.2e-05 0.00045 10.8 0.2 2 22 196 216 195 222 0.82 -
108_T473-R1 - 892 CCDC-167 PF15188.8 84 0.0065 7.5 6.6 1 2 7.5e-05 0.0016 9.4 0.9 6 41 29 66 27 93 0.82 -
108_T473-R1 - 892 CCDC-167 PF15188.8 84 0.0065 7.5 6.6 2 2 0.077 1.7 -0.3 0.6 56 67 793 804 773 807 0.81 -
108_T269-R1 - 890 Cypo_polyhedrin PF05865.13 248 7.4e-06 16.0 0.0 1 1 6.2e-07 1.4e-05 15.1 0.0 3 81 376 454 374 463 0.89 -
108_T269-R1 - 890 DUF1846 PF08903.13 489 0.00023 10.3 0.0 1 1 1.8e-05 0.0004 9.5 0.0 367 428 14 75 4 107 0.83 -
108_T207-R1 - 950 DUF2203 PF09969.11 122 2.2e-05 15.8 0.2 1 1 1.1e-05 7.9e-05 14.0 0.2 23 79 29 87 21 95 0.75 -
108_T208-R1 - 973 DUF2203 PF09969.11 122 3e-05 15.3 0.1 1 1 1.5e-05 0.00011 13.5 0.1 22 79 29 88 18 96 0.74 -
108_T516-R1 - 921 DUF2203 PF09969.11 122 3.2e-05 15.3 0.2 1 1 1.5e-05 0.00011 13.5 0.2 22 79 29 88 18 97 0.74 -
108_T207-R1 - 950 DUF5906 PF19263.1 111 0.00018 12.9 0.0 1 1 8.7e-05 0.00064 11.1 0.0 1 97 178 290 178 305 0.61 -
108_T461-R1 - 910 DUF5906 PF19263.1 111 0.00019 12.8 0.0 1 2 0.84 6.1 -1.7 0.0 42 96 8 75 2 85 0.64 -
108_T461-R1 - 910 DUF5906 PF19263.1 111 0.00019 12.8 0.0 2 2 0.00012 0.00086 10.7 0.0 1 97 180 290 180 302 0.62 -
108_T208-R1 - 973 DUF5906 PF19263.1 111 0.00021 12.7 0.2 1 2 0.0001 0.00073 10.9 0.0 1 97 179 291 179 305 0.60 -
108_T208-R1 - 973 DUF5906 PF19263.1 111 0.00021 12.7 0.2 2 2 2 15 -2.9 0.0 85 98 735 748 712 758 0.77 -
108_T483-R1 - 902 DUF6198 PF19700.1 217 5.9e-06 16.6 1.6 1 2 1.1e-05 0.00012 12.3 0.1 60 128 563 633 516 674 0.75 -
108_T483-R1 - 902 DUF6198 PF19700.1 217 5.9e-06 16.6 1.6 2 2 0.0062 0.069 3.3 0.2 45 95 695 745 678 772 0.70 -
108_T453-R1 - 911 DUF6198 PF19700.1 217 0.00014 12.1 0.1 1 1 2.2e-05 0.00024 11.3 0.1 42 124 564 642 547 707 0.67 -
108_T514.1-R1 - 851 Erp_C PF06780.13 140 0.0001 12.9 0.6 1 2 0.00028 0.0062 7.1 0.2 102 130 23 51 8 60 0.85 -
108_T514.1-R1 - 851 Erp_C PF06780.13 140 0.0001 12.9 0.6 2 2 0.0054 0.12 3.0 0.0 6 40 113 155 109 174 0.76 -
108_T506-R1 - 857 FANCL_d2 PF18890.2 91 9.7e-05 13.4 0.2 1 2 0.12 2.7 -0.8 0.1 42 90 610 659 574 660 0.74 -
108_T506-R1 - 857 FANCL_d2 PF18890.2 91 9.7e-05 13.4 0.2 2 2 5.9e-05 0.0013 9.8 0.0 7 78 700 771 698 776 0.91 -
108_T483-R1 - 902 Flot PF15975.7 124 0.00011 12.8 0.1 1 1 1.2e-05 0.00026 11.6 0.1 58 82 170 195 165 206 0.84 -
108_T256-R1 - 900 FNIP PF05725.14 44 0.0052 7.6 5.1 1 5 0.13 2.8 -1.2 0.0 8 19 413 424 411 437 0.71 -
108_T256-R1 - 900 FNIP PF05725.14 44 0.0052 7.6 5.1 2 5 0.031 0.67 0.8 0.1 8 18 615 625 587 627 0.62 -
108_T256-R1 - 900 FNIP PF05725.14 44 0.0052 7.6 5.1 3 5 0.76 17 -3.6 0.0 10 18 656 675 651 683 0.67 -
108_T256-R1 - 900 FNIP PF05725.14 44 0.0052 7.6 5.1 4 5 0.0013 0.028 5.3 0.1 14 44 748 778 746 778 0.84 -
108_T256-R1 - 900 FNIP PF05725.14 44 0.0052 7.6 5.1 5 5 0.2 4.3 -1.7 0.0 13 21 865 873 853 876 0.65 -
108_T258-R1 - 908 GAIN_A PF18619.3 48 6.8e-05 13.6 0.0 1 1 9.2e-06 0.0002 12.1 0.0 7 22 34 49 30 60 0.81 -
108_T461-R1 - 910 KAP_NTPase PF07693.16 326 4.7e-05 13.2 0.0 1 1 3.4e-06 7.4e-05 12.6 0.0 4 47 161 202 158 319 0.87 -
108_T514.1-R1 - 851 KELK PF15796.7 80 0.00025 12.1 3.8 1 2 3.1e-05 0.00068 10.7 1.1 17 46 25 54 9 70 0.79 -
108_T514.1-R1 - 851 KELK PF15796.7 80 0.00025 12.1 3.8 2 2 0.039 0.87 0.8 0.1 49 64 113 128 108 135 0.85 -
108_T207-R1 - 950 LRR_1 PF00560.35 23 0.00049 11.4 8.3 1 5 4.9 9.8 -1.7 0.1 2 21 536 547 523 553 0.63 -
108_T207-R1 - 950 LRR_1 PF00560.35 23 0.00049 11.4 8.3 2 5 0.02 0.041 5.6 0.0 1 22 559 580 559 581 0.83 -
108_T207-R1 - 950 LRR_1 PF00560.35 23 0.00049 11.4 8.3 3 5 0.042 0.085 4.6 0.0 1 17 583 599 583 601 0.90 -
108_T207-R1 - 950 LRR_1 PF00560.35 23 0.00049 11.4 8.3 4 5 4.7 9.4 -1.6 0.1 1 12 606 617 606 628 0.70 -
108_T207-R1 - 950 LRR_1 PF00560.35 23 0.00049 11.4 8.3 5 5 1.1 2.1 0.4 0.0 4 17 814 827 798 832 0.80 -
108_T319.2-R1 - 895 LRR_1 PF00560.35 23 0.0021 9.5 13.3 1 5 0.0017 0.0034 8.8 0.1 2 23 565 586 564 586 0.92 -
108_T319.2-R1 - 895 LRR_1 PF00560.35 23 0.0021 9.5 13.3 2 5 0.11 0.22 3.3 0.0 1 12 588 599 588 609 0.79 -
108_T319.2-R1 - 895 LRR_1 PF00560.35 23 0.0021 9.5 13.3 3 5 9.2 18 -2.5 0.1 1 8 660 667 660 669 0.88 -
108_T319.2-R1 - 895 LRR_1 PF00560.35 23 0.0021 9.5 13.3 4 5 2.1 4.2 -0.6 0.2 1 10 746 755 729 773 0.62 -
108_T319.2-R1 - 895 LRR_1 PF00560.35 23 0.0021 9.5 13.3 5 5 0.82 1.6 0.7 0.1 2 17 826 841 825 845 0.83 -
108_T458-R1 - 882 LRR_1 PF00560.35 23 0.0027 9.1 10.9 1 5 0.0049 0.0099 7.4 0.1 1 17 565 581 565 587 0.74 -
108_T458-R1 - 882 LRR_1 PF00560.35 23 0.0027 9.1 10.9 2 5 0.023 0.047 5.4 0.1 1 16 589 604 589 610 0.87 -
108_T458-R1 - 882 LRR_1 PF00560.35 23 0.0027 9.1 10.9 3 5 4.4 8.9 -1.6 0.1 2 9 613 620 612 627 0.82 -
108_T458-R1 - 882 LRR_1 PF00560.35 23 0.0027 9.1 10.9 4 5 9.6 19 -2.6 0.0 1 20 635 648 635 652 0.74 -
108_T458-R1 - 882 LRR_1 PF00560.35 23 0.0027 9.1 10.9 5 5 8.5 17 -2.4 0.0 1 8 760 767 760 770 0.88 -
108_T329-R1 - 856 LRR_1 PF00560.35 23 0.0066 8.0 8.7 1 5 2.5 5.1 -0.8 0.1 1 16 534 549 534 556 0.74 -
108_T329-R1 - 856 LRR_1 PF00560.35 23 0.0066 8.0 8.7 2 5 0.005 0.01 7.4 0.2 2 23 559 580 558 580 0.91 -
108_T329-R1 - 856 LRR_1 PF00560.35 23 0.0066 8.0 8.7 3 5 0.74 1.5 0.8 0.0 1 11 582 592 582 602 0.78 -
108_T329-R1 - 856 LRR_1 PF00560.35 23 0.0066 8.0 8.7 4 5 9.2 18 -2.5 0.0 1 9 763 771 763 779 0.82 -
108_T329-R1 - 856 LRR_1 PF00560.35 23 0.0066 8.0 8.7 5 5 4.2 8.4 -1.5 0.0 1 11 824 834 824 841 0.82 -
108_T461-R1 - 910 LRR_1 PF00560.35 23 0.014 7.0 16.4 1 7 3.7 7.5 -1.3 0.0 1 17 534 550 534 553 0.80 -
108_T461-R1 - 910 LRR_1 PF00560.35 23 0.014 7.0 16.4 2 7 0.19 0.38 2.6 0.0 2 19 560 576 559 580 0.77 -
108_T461-R1 - 910 LRR_1 PF00560.35 23 0.014 7.0 16.4 3 7 0.022 0.044 5.5 0.0 1 19 605 623 605 627 0.89 -
108_T461-R1 - 910 LRR_1 PF00560.35 23 0.014 7.0 16.4 4 7 4.3 8.6 -1.5 0.0 1 8 630 637 630 643 0.85 -
108_T461-R1 - 910 LRR_1 PF00560.35 23 0.014 7.0 16.4 5 7 0.41 0.83 1.6 0.3 1 12 718 729 718 758 0.63 -
108_T461-R1 - 910 LRR_1 PF00560.35 23 0.014 7.0 16.4 6 7 0.99 2 0.4 0.2 1 12 773 784 773 795 0.80 -
108_T461-R1 - 910 LRR_1 PF00560.35 23 0.014 7.0 16.4 7 7 2.5 5 -0.8 0.0 2 12 853 863 852 871 0.77 -
108_T256-R1 - 900 LRR_1 PF00560.35 23 0.02 6.5 7.7 1 4 9.3 19 -2.5 0.1 13 23 412 422 398 424 0.50 -
108_T256-R1 - 900 LRR_1 PF00560.35 23 0.02 6.5 7.7 2 4 9.2 18 -2.5 0.0 2 9 579 586 579 601 0.61 -
108_T256-R1 - 900 LRR_1 PF00560.35 23 0.02 6.5 7.7 3 4 6.4 13 -2.0 0.1 1 14 708 721 696 725 0.71 -
108_T256-R1 - 900 LRR_1 PF00560.35 23 0.02 6.5 7.7 4 4 0.002 0.004 8.6 0.1 1 22 769 790 769 792 0.81 -
108_T319.1-R1 - 839 LRR_1 PF00560.35 23 0.048 5.3 20.3 1 6 5.8 12 -1.9 0.0 1 13 499 511 499 519 0.72 -
108_T319.1-R1 - 839 LRR_1 PF00560.35 23 0.048 5.3 20.3 2 6 0.018 0.036 5.7 0.1 2 21 525 544 524 546 0.81 -
108_T319.1-R1 - 839 LRR_1 PF00560.35 23 0.048 5.3 20.3 3 6 0.0095 0.019 6.6 0.4 1 19 548 566 548 587 0.88 -
108_T319.1-R1 - 839 LRR_1 PF00560.35 23 0.048 5.3 20.3 4 6 1.2 2.3 0.2 0.0 2 23 671 700 670 700 0.69 -
108_T319.1-R1 - 839 LRR_1 PF00560.35 23 0.048 5.3 20.3 5 6 0.79 1.6 0.7 0.0 1 10 722 731 722 741 0.76 -
108_T319.1-R1 - 839 LRR_1 PF00560.35 23 0.048 5.3 20.3 6 6 1.2 2.4 0.2 0.2 1 12 753 773 753 797 0.72 -
108_T317-R1 - 927 LRR_1 PF00560.35 23 0.25 3.2 10.8 1 6 7.1 14 -2.2 0.2 7 21 422 436 406 438 0.69 -
108_T317-R1 - 927 LRR_1 PF00560.35 23 0.25 3.2 10.8 2 6 0.17 0.34 2.8 0.0 2 20 583 600 583 603 0.87 -
108_T317-R1 - 927 LRR_1 PF00560.35 23 0.25 3.2 10.8 3 6 0.13 0.25 3.2 0.2 1 22 605 625 605 626 0.75 -
108_T317-R1 - 927 LRR_1 PF00560.35 23 0.25 3.2 10.8 4 6 9.9 20 -2.6 0.1 1 12 780 791 780 804 0.72 -
108_T317-R1 - 927 LRR_1 PF00560.35 23 0.25 3.2 10.8 5 6 3.3 6.7 -1.2 0.0 2 23 852 873 851 873 0.82 -
108_T317-R1 - 927 LRR_1 PF00560.35 23 0.25 3.2 10.8 6 6 6.2 12 -2.0 0.1 1 8 875 885 875 894 0.71 -
108_T208-R1 - 973 LRR_1 PF00560.35 23 0.43 2.4 12.6 1 4 0.028 0.056 5.1 0.1 1 23 548 570 548 570 0.86 -
108_T208-R1 - 973 LRR_1 PF00560.35 23 0.43 2.4 12.6 2 4 0.42 0.83 1.6 0.1 1 16 572 587 572 590 0.85 -
108_T208-R1 - 973 LRR_1 PF00560.35 23 0.43 2.4 12.6 3 4 4.8 9.6 -1.7 0.1 1 12 595 606 595 617 0.70 -
108_T208-R1 - 973 LRR_1 PF00560.35 23 0.43 2.4 12.6 4 4 3.6 7.2 -1.3 0.2 1 12 725 736 725 750 0.84 -
108_T516-R1 - 921 LRR_1 PF00560.35 23 0.5 2.2 14.6 1 4 7.2 14 -2.2 0.1 2 13 537 548 536 555 0.74 -
108_T516-R1 - 921 LRR_1 PF00560.35 23 0.5 2.2 14.6 2 4 0.039 0.077 4.7 0.1 1 23 560 582 560 582 0.86 -
108_T516-R1 - 921 LRR_1 PF00560.35 23 0.5 2.2 14.6 3 4 0.21 0.42 2.5 0.3 1 14 584 597 584 629 0.83 -
108_T516-R1 - 921 LRR_1 PF00560.35 23 0.5 2.2 14.6 4 4 3 6 -1.0 1.8 1 22 702 724 702 739 0.74 -
108_T168-R1 - 887 LRR_1 PF00560.35 23 8.5 -1.5 18.0 1 5 0.058 0.12 4.2 0.2 1 23 571 593 571 593 0.83 -
108_T168-R1 - 887 LRR_1 PF00560.35 23 8.5 -1.5 18.0 2 5 2.9 5.8 -1.0 0.1 1 12 595 606 595 616 0.69 -
108_T168-R1 - 887 LRR_1 PF00560.35 23 8.5 -1.5 18.0 3 5 3.8 7.6 -1.3 0.4 1 1 641 641 618 668 0.60 -
108_T168-R1 - 887 LRR_1 PF00560.35 23 8.5 -1.5 18.0 4 5 3.1 6.3 -1.1 0.2 20 23 709 712 691 740 0.59 -
108_T168-R1 - 887 LRR_1 PF00560.35 23 8.5 -1.5 18.0 5 5 0.087 0.17 3.6 0.2 2 17 824 839 823 845 0.87 -
108_T390-R1 - 907 LRR_2 PF07723.15 26 0.11 4.0 15.3 1 6 0.71 16 -2.8 0.1 9 22 67 80 66 81 0.85 -
108_T390-R1 - 907 LRR_2 PF07723.15 26 0.11 4.0 15.3 2 6 0.61 14 -2.6 0.1 5 11 268 274 268 278 0.80 -
108_T390-R1 - 907 LRR_2 PF07723.15 26 0.11 4.0 15.3 3 6 0.045 0.98 1.0 0.0 2 15 576 589 575 591 0.87 -
108_T390-R1 - 907 LRR_2 PF07723.15 26 0.11 4.0 15.3 4 6 0.00012 0.0026 9.1 0.2 9 24 698 713 693 714 0.85 -
108_T390-R1 - 907 LRR_2 PF07723.15 26 0.11 4.0 15.3 5 6 0.8 18 -3.0 0.0 5 10 792 797 792 804 0.59 -
108_T390-R1 - 907 LRR_2 PF07723.15 26 0.11 4.0 15.3 6 6 0.042 0.93 1.1 0.1 1 11 842 852 842 856 0.92 -
108_T461-R1 - 910 LRR_4 PF12799.9 43 1e-15 48.3 22.7 1 9 0.00067 0.00074 10.6 0.2 7 38 517 549 515 554 0.85 -
108_T461-R1 - 910 LRR_4 PF12799.9 43 1e-15 48.3 22.7 2 9 3e-06 3.3e-06 18.1 0.0 3 42 560 597 558 602 0.88 -
108_T461-R1 - 910 LRR_4 PF12799.9 43 1e-15 48.3 22.7 3 9 2.5e-05 2.7e-05 15.2 0.0 5 38 585 620 583 625 0.89 -
108_T461-R1 - 910 LRR_4 PF12799.9 43 1e-15 48.3 22.7 4 9 0.0024 0.0026 8.9 0.1 2 30 605 636 604 648 0.87 -
108_T461-R1 - 910 LRR_4 PF12799.9 43 1e-15 48.3 22.7 5 9 2.1 2.3 -0.5 0.1 19 30 661 672 654 684 0.64 -
108_T461-R1 - 910 LRR_4 PF12799.9 43 1e-15 48.3 22.7 6 9 0.013 0.014 6.6 0.3 2 32 718 754 717 764 0.68 -
108_T461-R1 - 910 LRR_4 PF12799.9 43 1e-15 48.3 22.7 7 9 7e-05 7.7e-05 13.8 0.1 2 37 773 810 772 816 0.81 -
108_T461-R1 - 910 LRR_4 PF12799.9 43 1e-15 48.3 22.7 8 9 3.3 3.6 -1.1 0.0 22 30 850 858 820 871 0.55 -
108_T461-R1 - 910 LRR_4 PF12799.9 43 1e-15 48.3 22.7 9 9 4.9 5.4 -1.6 0.0 2 18 852 869 851 881 0.75 -
108_T319.1-R1 - 839 LRR_4 PF12799.9 43 4.5e-12 36.7 30.4 1 6 4.4e-05 4.9e-05 14.4 0.1 7 39 482 515 480 518 0.87 -
108_T319.1-R1 - 839 LRR_4 PF12799.9 43 4.5e-12 36.7 30.4 2 6 3.9e-06 4.3e-06 17.8 0.6 1 41 498 539 498 546 0.79 -
108_T319.1-R1 - 839 LRR_4 PF12799.9 43 4.5e-12 36.7 30.4 3 6 2.1e-05 2.3e-05 15.4 0.8 2 41 548 589 547 594 0.89 -
108_T319.1-R1 - 839 LRR_4 PF12799.9 43 4.5e-12 36.7 30.4 4 6 0.41 0.45 1.8 2.4 3 30 595 626 589 640 0.62 -
108_T319.1-R1 - 839 LRR_4 PF12799.9 43 4.5e-12 36.7 30.4 5 6 0.0005 0.00055 11.0 0.6 1 38 698 737 698 740 0.80 -
108_T319.1-R1 - 839 LRR_4 PF12799.9 43 4.5e-12 36.7 30.4 6 6 0.049 0.054 4.7 0.5 2 38 753 793 752 797 0.73 -
108_T329-R1 - 856 LRR_4 PF12799.9 43 8.3e-12 35.9 19.0 1 8 2.2 2.4 -0.5 0.0 7 24 105 123 105 128 0.73 -
108_T329-R1 - 856 LRR_4 PF12799.9 43 8.3e-12 35.9 19.0 2 8 0.0018 0.002 9.3 1.6 4 39 514 549 513 550 0.81 -
108_T329-R1 - 856 LRR_4 PF12799.9 43 8.3e-12 35.9 19.0 3 8 1e-07 1.1e-07 22.8 1.3 2 38 534 573 533 580 0.87 -
108_T329-R1 - 856 LRR_4 PF12799.9 43 8.3e-12 35.9 19.0 4 8 1.9e-05 2.1e-05 15.6 0.1 2 38 582 620 582 624 0.89 -
108_T329-R1 - 856 LRR_4 PF12799.9 43 8.3e-12 35.9 19.0 5 8 0.25 0.27 2.5 0.0 16 33 620 637 616 651 0.67 -
108_T329-R1 - 856 LRR_4 PF12799.9 43 8.3e-12 35.9 19.0 6 8 0.69 0.76 1.1 0.0 1 30 628 658 628 671 0.68 -
108_T329-R1 - 856 LRR_4 PF12799.9 43 8.3e-12 35.9 19.0 7 8 3.3 3.7 -1.1 0.1 23 40 762 777 753 780 0.63 -
108_T329-R1 - 856 LRR_4 PF12799.9 43 8.3e-12 35.9 19.0 8 8 0.59 0.65 1.3 0.0 17 34 818 835 800 841 0.77 -
108_T458-R1 - 882 LRR_4 PF12799.9 43 9.7e-12 35.7 20.0 1 6 1.6e-05 1.7e-05 15.8 0.7 1 42 539 581 539 585 0.85 -
108_T458-R1 - 882 LRR_4 PF12799.9 43 9.7e-12 35.7 20.0 2 6 4.5e-07 5e-07 20.7 0.6 2 40 589 629 588 634 0.89 -
108_T458-R1 - 882 LRR_4 PF12799.9 43 9.7e-12 35.7 20.0 3 6 0.011 0.012 6.8 0.6 1 30 611 641 611 657 0.75 -
108_T458-R1 - 882 LRR_4 PF12799.9 43 9.7e-12 35.7 20.0 4 6 8.6 9.4 -2.4 0.0 3 17 675 689 675 696 0.79 -
108_T458-R1 - 882 LRR_4 PF12799.9 43 9.7e-12 35.7 20.0 5 6 0.038 0.042 5.1 0.0 12 38 748 775 736 779 0.72 -
108_T458-R1 - 882 LRR_4 PF12799.9 43 9.7e-12 35.7 20.0 6 6 0.052 0.058 4.6 0.3 1 38 796 837 796 841 0.78 -
108_T495-R1 - 860 LRR_4 PF12799.9 43 5.3e-11 33.3 14.1 1 5 1.2e-06 1.3e-06 19.4 0.9 1 38 532 572 532 581 0.82 -
108_T495-R1 - 860 LRR_4 PF12799.9 43 5.3e-11 33.3 14.1 2 5 3.3e-06 3.7e-06 18.0 0.6 2 32 581 612 580 619 0.89 -
108_T495-R1 - 860 LRR_4 PF12799.9 43 5.3e-11 33.3 14.1 3 5 0.0066 0.0073 7.5 0.2 2 30 604 634 604 649 0.83 -
108_T495-R1 - 860 LRR_4 PF12799.9 43 5.3e-11 33.3 14.1 4 5 0.59 0.65 1.3 0.1 1 40 627 667 627 670 0.63 -
108_T495-R1 - 860 LRR_4 PF12799.9 43 5.3e-11 33.3 14.1 5 5 9.2 10 -2.5 0.1 15 37 759 782 758 785 0.61 -
108_T269-R1 - 890 LRR_4 PF12799.9 43 1.3e-10 32.1 17.6 1 7 0.0071 0.0079 7.4 0.1 4 37 520 550 518 555 0.83 -
108_T269-R1 - 890 LRR_4 PF12799.9 43 1.3e-10 32.1 17.6 2 7 1.4e-06 1.5e-06 19.2 0.1 3 42 541 580 539 588 0.82 -
108_T269-R1 - 890 LRR_4 PF12799.9 43 1.3e-10 32.1 17.6 3 7 0.00012 0.00013 13.0 0.5 2 39 588 627 587 632 0.89 -
108_T269-R1 - 890 LRR_4 PF12799.9 43 1.3e-10 32.1 17.6 4 7 0.011 0.012 6.8 3.0 1 33 610 643 610 651 0.77 -
108_T269-R1 - 890 LRR_4 PF12799.9 43 1.3e-10 32.1 17.6 5 7 1.1 1.2 0.5 1.3 2 30 634 666 633 673 0.59 -
108_T269-R1 - 890 LRR_4 PF12799.9 43 1.3e-10 32.1 17.6 6 7 0.95 1.1 0.6 0.0 7 37 751 783 745 787 0.64 -
108_T269-R1 - 890 LRR_4 PF12799.9 43 1.3e-10 32.1 17.6 7 7 0.06 0.066 4.5 0.0 2 41 802 843 801 845 0.77 -
108_T506-R1 - 857 LRR_4 PF12799.9 43 2.7e-10 31.1 18.3 1 9 1.4 1.6 0.1 0.0 8 28 105 126 104 130 0.83 -
108_T506-R1 - 857 LRR_4 PF12799.9 43 2.7e-10 31.1 18.3 2 9 0.0013 0.0014 9.8 0.4 3 39 517 553 515 555 0.81 -
108_T506-R1 - 857 LRR_4 PF12799.9 43 2.7e-10 31.1 18.3 3 9 3.9e-06 4.3e-06 17.7 2.4 2 39 538 578 537 584 0.88 -
108_T506-R1 - 857 LRR_4 PF12799.9 43 2.7e-10 31.1 18.3 4 9 1.3e-05 1.4e-05 16.1 0.7 2 33 562 595 561 602 0.81 -
108_T506-R1 - 857 LRR_4 PF12799.9 43 2.7e-10 31.1 18.3 5 9 0.0035 0.0039 8.4 0.6 2 37 586 623 585 629 0.70 -
108_T506-R1 - 857 LRR_4 PF12799.9 43 2.7e-10 31.1 18.3 6 9 0.0012 0.0014 9.8 1.0 1 30 608 639 608 650 0.82 -
108_T506-R1 - 857 LRR_4 PF12799.9 43 2.7e-10 31.1 18.3 7 9 8 8.8 -2.3 0.1 18 29 670 680 651 686 0.62 -
108_T506-R1 - 857 LRR_4 PF12799.9 43 2.7e-10 31.1 18.3 8 9 5.4 5.9 -1.7 0.0 23 37 768 783 759 786 0.70 -
108_T506-R1 - 857 LRR_4 PF12799.9 43 2.7e-10 31.1 18.3 9 9 2.3 2.6 -0.6 0.0 18 35 825 842 816 847 0.74 -
108_T207-R1 - 950 LRR_4 PF12799.9 43 1.1e-09 29.1 22.4 1 7 0.00012 0.00013 13.0 1.6 7 39 518 550 514 551 0.87 -
108_T207-R1 - 950 LRR_4 PF12799.9 43 1.1e-09 29.1 22.4 2 7 1.2e-06 1.3e-06 19.4 0.9 2 41 535 574 534 581 0.83 -
108_T207-R1 - 950 LRR_4 PF12799.9 43 1.1e-09 29.1 22.4 3 7 6.5e-05 7.1e-05 13.9 0.1 2 41 583 624 582 626 0.89 -
108_T207-R1 - 950 LRR_4 PF12799.9 43 1.1e-09 29.1 22.4 4 7 0.75 0.82 1.0 0.3 3 30 630 661 628 675 0.68 -
108_T207-R1 - 950 LRR_4 PF12799.9 43 1.1e-09 29.1 22.4 5 7 0.54 0.59 1.4 0.0 15 30 692 707 692 715 0.86 -
108_T207-R1 - 950 LRR_4 PF12799.9 43 1.1e-09 29.1 22.4 6 7 1.2 1.4 0.3 0.0 2 32 732 763 731 774 0.70 -
108_T207-R1 - 950 LRR_4 PF12799.9 43 1.1e-09 29.1 22.4 7 7 0.32 0.36 2.1 0.4 12 29 778 803 754 833 0.60 -
108_T516-R1 - 921 LRR_4 PF12799.9 43 2e-09 28.3 33.9 1 7 0.00014 0.00016 12.8 1.0 7 39 519 551 515 552 0.87 -
108_T516-R1 - 921 LRR_4 PF12799.9 43 2e-09 28.3 33.9 2 7 6.8e-07 7.5e-07 20.1 1.0 2 42 536 576 535 582 0.85 -
108_T516-R1 - 921 LRR_4 PF12799.9 43 2e-09 28.3 33.9 3 7 2.1e-05 2.3e-05 15.4 0.6 2 41 584 625 583 627 0.83 -
108_T516-R1 - 921 LRR_4 PF12799.9 43 2e-09 28.3 33.9 4 7 1.7 1.8 -0.1 0.5 3 29 631 661 628 673 0.56 -
108_T516-R1 - 921 LRR_4 PF12799.9 43 2e-09 28.3 33.9 5 7 0.01 0.011 6.9 1.3 15 35 693 715 693 719 0.80 -
108_T516-R1 - 921 LRR_4 PF12799.9 43 2e-09 28.3 33.9 6 7 0.12 0.13 3.5 3.7 2 38 702 739 701 762 0.81 -
108_T516-R1 - 921 LRR_4 PF12799.9 43 2e-09 28.3 33.9 7 7 0.11 0.12 3.7 0.5 20 31 779 797 769 822 0.74 -
108_T319.2-R1 - 895 LRR_4 PF12799.9 43 3.4e-09 27.6 31.6 1 8 0.26 0.29 2.4 0.2 6 35 521 551 516 558 0.75 -
108_T319.2-R1 - 895 LRR_4 PF12799.9 43 3.4e-09 27.6 31.6 2 8 1.3e-05 1.4e-05 16.1 1.0 1 31 563 595 563 602 0.90 -
108_T319.2-R1 - 895 LRR_4 PF12799.9 43 3.4e-09 27.6 31.6 3 8 0.0071 0.0078 7.4 0.0 15 43 601 631 597 631 0.84 -
108_T319.2-R1 - 895 LRR_4 PF12799.9 43 3.4e-09 27.6 31.6 4 8 0.0048 0.0053 7.9 0.3 1 30 610 640 610 650 0.84 -
108_T319.2-R1 - 895 LRR_4 PF12799.9 43 3.4e-09 27.6 31.6 5 8 0.83 0.91 0.8 1.9 2 31 634 667 633 673 0.62 -
108_T319.2-R1 - 895 LRR_4 PF12799.9 43 3.4e-09 27.6 31.6 6 8 6.5 7.1 -2.0 0.0 2 28 686 711 685 720 0.69 -
108_T319.2-R1 - 895 LRR_4 PF12799.9 43 3.4e-09 27.6 31.6 7 8 0.0084 0.0092 7.2 1.0 2 29 746 777 729 786 0.83 -
108_T319.2-R1 - 895 LRR_4 PF12799.9 43 3.4e-09 27.6 31.6 8 8 0.0015 0.0017 9.5 0.1 1 38 800 840 800 844 0.82 -
108_T317-R1 - 927 LRR_4 PF12799.9 43 6.5e-08 23.5 21.2 1 8 5.6 6.2 -1.8 0.4 22 41 580 596 574 598 0.64 -
108_T317-R1 - 927 LRR_4 PF12799.9 43 6.5e-08 23.5 21.2 2 8 3.4e-06 3.7e-06 17.9 2.9 2 38 605 642 604 653 0.86 -
108_T317-R1 - 927 LRR_4 PF12799.9 43 6.5e-08 23.5 21.2 3 8 3.8 4.2 -1.3 0.0 13 28 639 655 635 658 0.68 -
108_T317-R1 - 927 LRR_4 PF12799.9 43 6.5e-08 23.5 21.2 4 8 6.4 7 -2.0 0.0 23 33 684 693 676 714 0.49 -
108_T317-R1 - 927 LRR_4 PF12799.9 43 6.5e-08 23.5 21.2 5 8 3.7 4 -1.2 0.0 11 24 729 741 724 750 0.71 -
108_T317-R1 - 927 LRR_4 PF12799.9 43 6.5e-08 23.5 21.2 6 8 0.0023 0.0025 8.9 0.1 3 35 759 791 757 804 0.81 -
108_T317-R1 - 927 LRR_4 PF12799.9 43 6.5e-08 23.5 21.2 7 8 1.8 1.9 -0.2 0.0 19 35 822 839 803 846 0.70 -
108_T317-R1 - 927 LRR_4 PF12799.9 43 6.5e-08 23.5 21.2 8 8 0.074 0.082 4.2 0.0 19 36 870 890 851 894 0.66 -
108_T208-R1 - 973 LRR_4 PF12799.9 43 1.5e-06 19.2 28.2 1 6 2.1e-05 2.3e-05 15.4 1.0 2 42 524 564 523 570 0.85 -
108_T208-R1 - 973 LRR_4 PF12799.9 43 1.5e-06 19.2 28.2 2 6 2.4e-05 2.7e-05 15.2 0.4 2 41 572 613 571 615 0.82 -
108_T208-R1 - 973 LRR_4 PF12799.9 43 1.5e-06 19.2 28.2 3 6 0.77 0.84 0.9 0.2 3 30 619 650 618 664 0.67 -
108_T208-R1 - 973 LRR_4 PF12799.9 43 1.5e-06 19.2 28.2 4 6 0.64 0.7 1.2 0.0 15 33 681 698 681 702 0.85 -
108_T208-R1 - 973 LRR_4 PF12799.9 43 1.5e-06 19.2 28.2 5 6 1.2 1.3 0.3 0.1 22 38 723 740 714 753 0.69 -
108_T208-R1 - 973 LRR_4 PF12799.9 43 1.5e-06 19.2 28.2 6 6 2 2.2 -0.4 1.9 12 30 771 789 768 823 0.68 -
108_T473-R1 - 892 LRR_4 PF12799.9 43 1.8e-06 18.9 17.6 1 7 0.03 0.032 5.4 0.3 1 40 533 572 533 578 0.79 -
108_T473-R1 - 892 LRR_4 PF12799.9 43 1.8e-06 18.9 17.6 2 7 0.00011 0.00013 13.1 0.1 2 33 582 614 581 628 0.84 -
108_T473-R1 - 892 LRR_4 PF12799.9 43 1.8e-06 18.9 17.6 3 7 0.55 0.61 1.4 0.9 23 31 627 637 616 673 0.59 -
108_T473-R1 - 892 LRR_4 PF12799.9 43 1.8e-06 18.9 17.6 4 7 0.89 0.98 0.7 0.0 16 41 696 718 693 720 0.71 -
108_T473-R1 - 892 LRR_4 PF12799.9 43 1.8e-06 18.9 17.6 5 7 0.19 0.21 2.9 0.1 2 39 704 756 703 759 0.67 -
108_T473-R1 - 892 LRR_4 PF12799.9 43 1.8e-06 18.9 17.6 6 7 0.95 1 0.6 0.1 2 29 740 768 739 778 0.57 -
108_T473-R1 - 892 LRR_4 PF12799.9 43 1.8e-06 18.9 17.6 7 7 0.69 0.76 1.1 0.2 2 38 794 833 793 838 0.66 -
108_T483-R1 - 902 LRR_4 PF12799.9 43 6.1e-06 17.3 8.0 1 7 0.029 0.032 5.5 0.1 13 33 558 578 546 588 0.78 -
108_T483-R1 - 902 LRR_4 PF12799.9 43 6.1e-06 17.3 8.0 2 7 0.057 0.063 4.5 0.3 3 31 570 601 568 617 0.73 -
108_T483-R1 - 902 LRR_4 PF12799.9 43 6.1e-06 17.3 8.0 3 7 1.9 2.1 -0.3 0.2 2 30 594 623 593 629 0.77 -
108_T483-R1 - 902 LRR_4 PF12799.9 43 6.1e-06 17.3 8.0 4 7 0.11 0.12 3.6 0.2 2 20 665 684 643 714 0.72 -
108_T483-R1 - 902 LRR_4 PF12799.9 43 6.1e-06 17.3 8.0 5 7 4.7 5.2 -1.6 0.0 14 29 705 718 686 722 0.77 -
108_T483-R1 - 902 LRR_4 PF12799.9 43 6.1e-06 17.3 8.0 6 7 1.4 1.5 0.1 0.0 2 18 740 755 734 768 0.73 -
108_T483-R1 - 902 LRR_4 PF12799.9 43 6.1e-06 17.3 8.0 7 7 0.072 0.079 4.2 0.0 1 30 834 865 810 872 0.67 -
108_T168-R1 - 887 LRR_4 PF12799.9 43 3.8e-05 14.7 23.1 1 6 0.00083 0.00091 10.4 0.1 12 36 557 581 540 588 0.78 -
108_T168-R1 - 887 LRR_4 PF12799.9 43 3.8e-05 14.7 23.1 2 6 0.00041 0.00045 11.3 1.7 1 42 570 610 570 615 0.81 -
108_T168-R1 - 887 LRR_4 PF12799.9 43 3.8e-05 14.7 23.1 3 6 0.00064 0.0007 10.7 1.7 2 40 618 658 617 671 0.84 -
108_T168-R1 - 887 LRR_4 PF12799.9 43 3.8e-05 14.7 23.1 4 6 3.4 3.7 -1.1 0.0 24 35 708 719 689 739 0.67 -
108_T168-R1 - 887 LRR_4 PF12799.9 43 3.8e-05 14.7 23.1 5 6 0.69 0.76 1.1 0.1 2 40 718 759 709 778 0.69 -
108_T168-R1 - 887 LRR_4 PF12799.9 43 3.8e-05 14.7 23.1 6 6 1.6 1.7 -0.1 0.4 14 28 825 838 794 843 0.64 -
108_T413-R1 - 912 LRR_4 PF12799.9 43 4.7e-05 14.4 16.5 1 6 0.04 0.044 5.0 0.1 13 33 569 589 553 603 0.81 -
108_T413-R1 - 912 LRR_4 PF12799.9 43 4.7e-05 14.4 16.5 2 6 0.67 0.74 1.1 3.0 3 30 581 611 579 649 0.76 -
108_T413-R1 - 912 LRR_4 PF12799.9 43 4.7e-05 14.4 16.5 3 6 3.1 3.4 -1.0 0.1 19 29 671 681 652 695 0.68 -
108_T413-R1 - 912 LRR_4 PF12799.9 43 4.7e-05 14.4 16.5 4 6 0.76 0.83 1.0 0.0 2 28 676 702 675 708 0.76 -
108_T413-R1 - 912 LRR_4 PF12799.9 43 4.7e-05 14.4 16.5 5 6 0.096 0.11 3.8 1.0 7 30 705 730 697 735 0.79 -
108_T413-R1 - 912 LRR_4 PF12799.9 43 4.7e-05 14.4 16.5 6 6 0.0017 0.0018 9.4 0.0 1 33 846 880 836 885 0.86 -
108_T256-R1 - 900 LRR_4 PF12799.9 43 0.00051 11.2 17.9 1 7 0.12 0.13 3.5 0.1 3 36 579 615 577 624 0.65 -
108_T256-R1 - 900 LRR_4 PF12799.9 43 0.00051 11.2 17.9 2 7 0.047 0.052 4.8 0.1 2 39 603 637 602 643 0.86 -
108_T256-R1 - 900 LRR_4 PF12799.9 43 0.00051 11.2 17.9 3 7 0.4 0.44 1.8 0.2 3 30 627 656 625 679 0.68 -
108_T256-R1 - 900 LRR_4 PF12799.9 43 0.00051 11.2 17.9 4 7 0.74 0.82 1.0 1.0 7 21 667 683 664 730 0.58 -
108_T256-R1 - 900 LRR_4 PF12799.9 43 0.00051 11.2 17.9 5 7 6.7 7.3 -2.0 0.1 12 28 750 766 743 766 0.75 -
108_T256-R1 - 900 LRR_4 PF12799.9 43 0.00051 11.2 17.9 6 7 0.0022 0.0024 9.0 0.2 2 30 769 799 768 807 0.82 -
108_T256-R1 - 900 LRR_4 PF12799.9 43 0.00051 11.2 17.9 7 7 0.58 0.64 1.3 0.0 22 38 840 856 831 870 0.60 -
108_T453-R1 - 911 LRR_4 PF12799.9 43 0.00074 10.6 18.7 1 5 0.082 0.09 4.0 0.0 19 33 581 595 574 606 0.81 -
108_T453-R1 - 911 LRR_4 PF12799.9 43 0.00074 10.6 18.7 2 5 0.0084 0.0093 7.2 1.0 2 33 611 643 610 664 0.91 -
108_T453-R1 - 911 LRR_4 PF12799.9 43 0.00074 10.6 18.7 3 5 0.82 0.9 0.8 0.8 18 30 697 708 671 720 0.75 -
108_T453-R1 - 911 LRR_4 PF12799.9 43 0.00074 10.6 18.7 4 5 0.12 0.13 3.5 0.5 1 30 701 733 701 738 0.68 -
108_T453-R1 - 911 LRR_4 PF12799.9 43 0.00074 10.6 18.7 5 5 0.24 0.27 2.5 0.0 3 33 850 881 848 887 0.76 -
108_T514.1-R1 - 851 LRR_4 PF12799.9 43 0.00077 10.6 15.1 1 6 1.5 1.7 -0.0 0.0 19 32 553 566 543 578 0.66 -
108_T514.1-R1 - 851 LRR_4 PF12799.9 43 0.00077 10.6 15.1 2 6 0.58 0.64 1.3 0.1 3 36 559 598 559 603 0.55 -
108_T514.1-R1 - 851 LRR_4 PF12799.9 43 0.00077 10.6 15.1 3 6 0.00029 0.00032 11.8 0.4 2 35 609 645 608 663 0.84 -
108_T514.1-R1 - 851 LRR_4 PF12799.9 43 0.00077 10.6 15.1 4 6 0.32 0.35 2.1 1.2 11 30 673 689 669 710 0.64 -
108_T514.1-R1 - 851 LRR_4 PF12799.9 43 0.00077 10.6 15.1 5 6 1.2 1.4 0.3 0.4 1 28 682 711 682 735 0.58 -
108_T514.1-R1 - 851 LRR_4 PF12799.9 43 0.00077 10.6 15.1 6 6 4.3 4.8 -1.5 0.0 7 28 795 819 790 830 0.62 -
108_T221-R1 - 881 LRR_4 PF12799.9 43 0.0016 9.6 0.0 1 6 0.86 0.95 0.8 0.2 17 31 542 556 537 590 0.68 -
108_T221-R1 - 881 LRR_4 PF12799.9 43 0.0016 9.6 0.0 2 6 0.7 0.77 1.1 1.1 3 33 575 607 573 618 0.67 -
108_T221-R1 - 881 LRR_4 PF12799.9 43 0.0016 9.6 0.0 3 6 2.9 3.2 -0.9 1.5 3 30 598 628 596 643 0.75 -
108_T221-R1 - 881 LRR_4 PF12799.9 43 0.0016 9.6 0.0 4 6 0.62 0.68 1.2 0.6 10 30 656 673 635 686 0.75 -
108_T221-R1 - 881 LRR_4 PF12799.9 43 0.0016 9.6 0.0 5 6 0.16 0.18 3.1 1.5 6 30 673 699 666 705 0.76 -
108_T221-R1 - 881 LRR_4 PF12799.9 43 0.0016 9.6 0.0 6 6 0.0015 0.0016 9.6 0.0 1 32 815 848 796 854 0.83 -
108_T256-R1 - 900 LRR_6 PF13516.8 24 2.9e-05 14.7 0.5 1 3 0.84 6.2 -1.9 0.0 1 10 547 556 547 563 0.79 -
108_T256-R1 - 900 LRR_6 PF13516.8 24 2.9e-05 14.7 0.5 2 3 0.13 0.97 0.6 0.0 3 14 602 613 600 615 0.81 -
108_T256-R1 - 900 LRR_6 PF13516.8 24 2.9e-05 14.7 0.5 3 3 0.00015 0.0011 9.8 0.0 3 15 768 780 767 782 0.92 -
108_T319.1-R1 - 839 LRR_6 PF13516.8 24 0.00063 10.6 3.7 1 4 0.16 1.2 0.4 0.1 2 13 497 508 496 511 0.88 -
108_T319.1-R1 - 839 LRR_6 PF13516.8 24 0.00063 10.6 3.7 2 4 0.017 0.12 3.4 0.0 3 14 523 534 521 538 0.82 -
108_T319.1-R1 - 839 LRR_6 PF13516.8 24 0.00063 10.6 3.7 3 4 0.026 0.19 2.8 0.0 4 16 548 560 546 561 0.87 -
108_T319.1-R1 - 839 LRR_6 PF13516.8 24 0.00063 10.6 3.7 4 4 0.69 5.1 -1.6 0.0 3 10 721 728 720 728 0.86 -
108_T458-R1 - 882 LRR_6 PF13516.8 24 0.014 6.4 11.0 1 6 0.009 0.066 4.3 0.1 3 14 564 575 563 579 0.84 -
108_T458-R1 - 882 LRR_6 PF13516.8 24 0.014 6.4 11.0 2 6 0.0083 0.061 4.4 0.0 4 15 589 600 587 601 0.91 -
108_T458-R1 - 882 LRR_6 PF13516.8 24 0.014 6.4 11.0 3 6 3 22 -4.2 0.4 4 10 635 641 633 642 0.81 -
108_T458-R1 - 882 LRR_6 PF13516.8 24 0.014 6.4 11.0 4 6 0.072 0.53 1.5 0.0 3 13 759 769 758 775 0.80 -
108_T458-R1 - 882 LRR_6 PF13516.8 24 0.014 6.4 11.0 5 6 1.4 10 -2.6 0.1 3 12 796 805 796 806 0.86 -
108_T458-R1 - 882 LRR_6 PF13516.8 24 0.014 6.4 11.0 6 6 3 22 -3.7 0.1 1 8 830 837 830 839 0.89 -
108_T461-R1 - 910 LRR_8 PF13855.8 61 7.5e-18 54.7 11.5 1 4 1.6e-12 1.6e-12 37.7 0.1 1 61 533 593 533 593 0.98 -
108_T461-R1 - 910 LRR_8 PF13855.8 61 7.5e-18 54.7 11.5 2 4 2.6e-07 2.6e-07 21.0 0.3 3 56 583 636 582 639 0.95 -
108_T461-R1 - 910 LRR_8 PF13855.8 61 7.5e-18 54.7 11.5 3 4 0.15 0.15 2.5 1.2 2 59 718 783 717 785 0.66 -
108_T461-R1 - 910 LRR_8 PF13855.8 61 7.5e-18 54.7 11.5 4 4 0.0082 0.0082 6.6 0.4 2 59 746 805 745 806 0.75 -
108_T329-R1 - 856 LRR_8 PF13855.8 61 4.6e-17 52.2 11.8 1 3 2.2e-15 2.2e-15 46.8 4.2 1 61 533 593 533 593 0.95 -
108_T329-R1 - 856 LRR_8 PF13855.8 61 4.6e-17 52.2 11.8 2 3 0.012 0.012 6.0 0.0 17 56 597 635 591 640 0.83 -
108_T329-R1 - 856 LRR_8 PF13855.8 61 4.6e-17 52.2 11.8 3 3 0.42 0.42 1.1 0.0 3 20 705 722 704 725 0.88 -
108_T458-R1 - 882 LRR_8 PF13855.8 61 4.9e-17 52.1 11.7 1 5 1.6e-14 1.6e-14 44.1 3.4 1 61 539 600 539 600 0.97 -
108_T458-R1 - 882 LRR_8 PF13855.8 61 4.9e-17 52.1 11.7 2 5 1.2e-07 1.2e-07 22.0 1.3 9 58 573 620 573 622 0.94 -
108_T458-R1 - 882 LRR_8 PF13855.8 61 4.9e-17 52.1 11.7 3 5 0.32 0.32 1.4 1.7 22 56 608 641 598 645 0.64 -
108_T458-R1 - 882 LRR_8 PF13855.8 61 4.9e-17 52.1 11.7 4 5 1.8 1.8 -0.9 0.0 44 55 745 756 735 768 0.52 -
108_T458-R1 - 882 LRR_8 PF13855.8 61 4.9e-17 52.1 11.7 5 5 4.9 4.9 -2.3 0.0 44 54 802 812 796 814 0.69 -
108_T495-R1 - 860 LRR_8 PF13855.8 61 9.9e-16 47.9 9.2 1 4 3e-14 3e-14 43.2 2.5 1 60 532 591 532 592 0.97 -
108_T495-R1 - 860 LRR_8 PF13855.8 61 9.9e-16 47.9 9.2 2 4 2.8e-06 2.8e-06 17.7 0.6 22 60 577 614 573 615 0.93 -
108_T495-R1 - 860 LRR_8 PF13855.8 61 9.9e-16 47.9 9.2 3 4 0.14 0.14 2.6 0.4 5 55 607 659 603 661 0.72 -
108_T495-R1 - 860 LRR_8 PF13855.8 61 9.9e-16 47.9 9.2 4 4 9.7 9.7 -3.3 0.0 3 20 704 721 702 722 0.80 -
108_T516-R1 - 921 LRR_8 PF13855.8 61 1.7e-15 47.1 10.3 1 5 2.1 2.1 -1.1 0.0 4 16 516 528 510 531 0.67 -
108_T516-R1 - 921 LRR_8 PF13855.8 61 1.7e-15 47.1 10.3 2 5 1.3e-13 1.3e-13 41.1 3.9 2 61 536 595 535 595 0.96 -
108_T516-R1 - 921 LRR_8 PF13855.8 61 1.7e-15 47.1 10.3 3 5 1.1e-06 1.1e-06 19.0 0.4 19 58 577 615 576 619 0.92 -
108_T516-R1 - 921 LRR_8 PF13855.8 61 1.7e-15 47.1 10.3 4 5 0.6 0.6 0.6 1.0 21 52 697 726 692 734 0.67 -
108_T516-R1 - 921 LRR_8 PF13855.8 61 1.7e-15 47.1 10.3 5 5 5.1 5.1 -2.4 0.0 16 29 780 793 767 795 0.54 -
108_T269-R1 - 890 LRR_8 PF13855.8 61 2.7e-15 46.5 4.9 1 6 0.72 0.72 0.3 0.0 3 18 519 534 514 537 0.70 -
108_T269-R1 - 890 LRR_8 PF13855.8 61 2.7e-15 46.5 4.9 2 6 1.7e-13 1.7e-13 40.8 0.2 3 59 541 597 539 599 0.96 -
108_T269-R1 - 890 LRR_8 PF13855.8 61 2.7e-15 46.5 4.9 3 6 6e-06 6e-06 16.6 0.8 23 58 585 619 583 623 0.94 -
108_T269-R1 - 890 LRR_8 PF13855.8 61 2.7e-15 46.5 4.9 4 6 0.13 0.13 2.7 1.8 24 60 609 644 597 645 0.79 -
108_T269-R1 - 890 LRR_8 PF13855.8 61 2.7e-15 46.5 4.9 5 6 1 1 -0.2 0.3 2 30 634 661 633 667 0.70 -
108_T269-R1 - 890 LRR_8 PF13855.8 61 2.7e-15 46.5 4.9 6 6 6.3 6.3 -2.7 0.1 45 54 755 764 744 774 0.60 -
108_T319.1-R1 - 839 LRR_8 PF13855.8 61 3.9e-15 46.0 1.8 1 5 1.2 1.2 -0.3 0.0 5 18 480 493 474 495 0.74 -
108_T319.1-R1 - 839 LRR_8 PF13855.8 61 3.9e-15 46.0 1.8 2 5 3.9e-15 3.9e-15 46.0 1.8 1 59 498 557 498 559 0.96 -
108_T319.1-R1 - 839 LRR_8 PF13855.8 61 3.9e-15 46.0 1.8 3 5 0.0014 0.0014 9.0 4.4 6 54 552 598 552 605 0.83 -
108_T319.1-R1 - 839 LRR_8 PF13855.8 61 3.9e-15 46.0 1.8 4 5 1.3 1.3 -0.5 3.4 3 55 572 625 571 627 0.58 -
108_T319.1-R1 - 839 LRR_8 PF13855.8 61 3.9e-15 46.0 1.8 5 5 0.094 0.094 3.2 0.6 1 35 698 731 698 761 0.76 -
108_T207-R1 - 950 LRR_8 PF13855.8 61 2.5e-14 43.5 1.3 1 4 2.8 2.8 -1.6 0.0 4 16 515 527 509 530 0.56 -
108_T207-R1 - 950 LRR_8 PF13855.8 61 2.5e-14 43.5 1.3 2 4 2.5e-14 2.5e-14 43.5 1.3 2 61 535 594 534 594 0.97 -
108_T207-R1 - 950 LRR_8 PF13855.8 61 2.5e-14 43.5 1.3 3 4 0.11 0.11 2.9 0.2 22 55 602 634 592 640 0.58 -
108_T207-R1 - 950 LRR_8 PF13855.8 61 2.5e-14 43.5 1.3 4 4 3 3 -1.6 0.0 2 34 732 763 731 783 0.72 -
108_T506-R1 - 857 LRR_8 PF13855.8 61 4.8e-14 42.5 15.2 1 5 1.3 1.3 -0.4 0.0 3 17 517 531 514 535 0.69 -
108_T506-R1 - 857 LRR_8 PF13855.8 61 4.8e-14 42.5 15.2 2 5 7.7e-14 7.7e-14 41.9 2.2 2 60 538 596 537 597 0.95 -
108_T506-R1 - 857 LRR_8 PF13855.8 61 4.8e-14 42.5 15.2 3 5 0.069 0.069 3.6 3.0 3 56 610 662 604 663 0.63 -
108_T506-R1 - 857 LRR_8 PF13855.8 61 4.8e-14 42.5 15.2 4 5 4.3 4.3 -2.1 0.0 2 17 708 723 707 726 0.83 -
108_T506-R1 - 857 LRR_8 PF13855.8 61 4.8e-14 42.5 15.2 5 5 5.5 5.5 -2.5 0.0 25 33 768 776 742 786 0.62 -
108_T208-R1 - 973 LRR_8 PF13855.8 61 2.5e-13 40.2 8.4 1 4 1.4e-10 1.4e-10 31.5 3.3 2 57 524 579 523 583 0.95 -
108_T208-R1 - 973 LRR_8 PF13855.8 61 2.5e-13 40.2 8.4 2 4 3.1e-07 3.1e-07 20.7 0.2 19 58 565 603 564 605 0.93 -
108_T208-R1 - 973 LRR_8 PF13855.8 61 2.5e-13 40.2 8.4 3 4 9.9 9.9 -3.3 0.0 44 55 638 649 634 651 0.69 -
108_T208-R1 - 973 LRR_8 PF13855.8 61 2.5e-13 40.2 8.4 4 4 4.4 4.4 -2.2 0.1 2 21 725 745 723 755 0.63 -
108_T319.2-R1 - 895 LRR_8 PF13855.8 61 3.6e-12 36.5 2.4 1 5 0.003 0.003 7.9 0.1 22 60 513 549 511 549 0.94 -
108_T319.2-R1 - 895 LRR_8 PF13855.8 61 3.6e-12 36.5 2.4 2 5 3.6e-12 3.6e-12 36.5 2.4 2 59 539 597 538 599 0.96 -
108_T319.2-R1 - 895 LRR_8 PF13855.8 61 3.6e-12 36.5 2.4 3 5 0.04 0.04 4.4 0.5 22 56 607 640 600 645 0.83 -
108_T319.2-R1 - 895 LRR_8 PF13855.8 61 3.6e-12 36.5 2.4 4 5 4.5 4.5 -2.2 0.2 24 33 658 667 649 667 0.74 -
108_T319.2-R1 - 895 LRR_8 PF13855.8 61 3.6e-12 36.5 2.4 5 5 0.33 0.33 1.4 0.1 2 55 746 765 745 777 0.47 -
108_T473-R1 - 892 LRR_8 PF13855.8 61 1.9e-11 34.2 1.0 1 6 6.7 6.7 -2.8 0.0 5 18 515 528 514 530 0.82 -
108_T473-R1 - 892 LRR_8 PF13855.8 61 1.9e-11 34.2 1.0 2 6 1.9e-11 1.9e-11 34.2 1.0 1 61 533 593 533 593 0.96 -
108_T473-R1 - 892 LRR_8 PF13855.8 61 1.9e-11 34.2 1.0 3 6 0.042 0.042 4.3 0.1 24 56 603 634 594 635 0.75 -
108_T473-R1 - 892 LRR_8 PF13855.8 61 1.9e-11 34.2 1.0 4 6 5.4 5.4 -2.5 0.0 20 40 698 718 683 719 0.68 -
108_T473-R1 - 892 LRR_8 PF13855.8 61 1.9e-11 34.2 1.0 5 6 1.1 1.1 -0.3 0.0 13 35 741 763 739 777 0.54 -
108_T473-R1 - 892 LRR_8 PF13855.8 61 1.9e-11 34.2 1.0 6 6 6.4 6.4 -2.7 0.0 2 17 794 810 793 813 0.75 -
108_T317-R1 - 927 LRR_8 PF13855.8 61 5.5e-10 29.5 16.9 1 5 6.7e-05 6.7e-05 13.3 3.0 19 60 575 615 559 616 0.81 -
108_T317-R1 - 927 LRR_8 PF13855.8 61 5.5e-10 29.5 16.9 2 5 0.00026 0.00026 11.4 0.4 18 54 620 655 617 657 0.95 -
108_T317-R1 - 927 LRR_8 PF13855.8 61 5.5e-10 29.5 16.9 3 5 0.0014 0.0014 9.0 0.1 18 54 772 808 769 810 0.87 -
108_T317-R1 - 927 LRR_8 PF13855.8 61 5.5e-10 29.5 16.9 4 5 9.3 9.3 -3.2 0.0 21 29 825 833 822 847 0.64 -
108_T317-R1 - 927 LRR_8 PF13855.8 61 5.5e-10 29.5 16.9 5 5 0.31 0.31 1.5 0.0 3 33 852 882 850 890 0.78 -
108_T168-R1 - 887 LRR_8 PF13855.8 61 3e-09 27.2 1.3 1 5 0.41 0.41 1.1 0.1 23 56 515 546 513 548 0.78 -
108_T168-R1 - 887 LRR_8 PF13855.8 61 3e-09 27.2 1.3 2 5 3e-09 3e-09 27.2 1.3 11 58 556 603 555 606 0.91 -
108_T168-R1 - 887 LRR_8 PF13855.8 61 3e-09 27.2 1.3 3 5 0.0013 0.0013 9.1 0.6 16 61 609 652 603 652 0.83 -
108_T168-R1 - 887 LRR_8 PF13855.8 61 3e-09 27.2 1.3 4 5 1.6 1.6 -0.7 0.5 24 45 689 709 685 729 0.68 -
108_T168-R1 - 887 LRR_8 PF13855.8 61 3e-09 27.2 1.3 5 5 5.9 5.9 -2.6 0.0 48 58 832 842 824 844 0.62 -
108_T256-R1 - 900 LRR_8 PF13855.8 61 6e-07 19.8 17.7 1 7 0.023 0.023 5.1 0.2 11 56 563 609 549 611 0.80 -
108_T256-R1 - 900 LRR_8 PF13855.8 61 6e-07 19.8 17.7 2 7 0.0025 0.0025 8.2 0.6 23 57 600 633 593 636 0.91 -
108_T256-R1 - 900 LRR_8 PF13855.8 61 6e-07 19.8 17.7 3 7 2.6e-05 2.6e-05 14.5 0.4 2 56 603 656 602 658 0.91 -
108_T256-R1 - 900 LRR_8 PF13855.8 61 6e-07 19.8 17.7 4 7 0.26 0.26 1.8 0.3 23 55 667 700 659 702 0.82 -
108_T256-R1 - 900 LRR_8 PF13855.8 61 6e-07 19.8 17.7 5 7 2.4 2.4 -1.3 0.0 35 59 706 730 693 731 0.71 -
108_T256-R1 - 900 LRR_8 PF13855.8 61 6e-07 19.8 17.7 6 7 0.093 0.093 3.2 0.2 2 34 769 801 768 826 0.66 -
108_T256-R1 - 900 LRR_8 PF13855.8 61 6e-07 19.8 17.7 7 7 0.078 0.078 3.4 0.0 1 28 841 867 841 882 0.75 -
108_T453-R1 - 911 LRR_8 PF13855.8 61 1.5e-05 15.4 17.3 1 5 0.00078 0.00078 9.8 0.1 6 58 540 594 538 597 0.90 -
108_T453-R1 - 911 LRR_8 PF13855.8 61 1.5e-05 15.4 17.3 2 5 0.00014 0.00014 12.2 3.1 4 56 613 663 610 665 0.82 -
108_T453-R1 - 911 LRR_8 PF13855.8 61 1.5e-05 15.4 17.3 3 5 1.9 1.9 -1.0 0.7 43 56 720 733 697 735 0.54 -
108_T453-R1 - 911 LRR_8 PF13855.8 61 1.5e-05 15.4 17.3 4 5 8.9 8.9 -3.2 0.0 1 27 775 801 775 806 0.67 -
108_T453-R1 - 911 LRR_8 PF13855.8 61 1.5e-05 15.4 17.3 5 5 2.7 2.7 -1.5 0.0 2 30 849 876 848 879 0.72 -
108_T258-R1 - 908 LRR_8 PF13855.8 61 1.8e-05 15.1 10.1 1 3 0.3 0.3 1.5 0.2 19 32 578 591 573 593 0.62 -
108_T258-R1 - 908 LRR_8 PF13855.8 61 1.8e-05 15.1 10.1 2 3 0.0023 0.0023 8.3 2.0 2 56 610 663 609 665 0.88 -
108_T258-R1 - 908 LRR_8 PF13855.8 61 1.8e-05 15.1 10.1 3 3 0.013 0.013 5.9 0.0 39 60 718 738 699 738 0.72 -
108_T514.1-R1 - 851 LRR_8 PF13855.8 61 9.4e-05 12.8 9.6 1 4 1.1 1.1 -0.2 0.0 13 34 545 566 543 571 0.72 -
108_T514.1-R1 - 851 LRR_8 PF13855.8 61 9.4e-05 12.8 9.6 2 4 0.00068 0.00068 10.0 0.5 23 60 582 619 559 619 0.87 -
108_T514.1-R1 - 851 LRR_8 PF13855.8 61 9.4e-05 12.8 9.6 3 4 9 9 -3.2 0.0 25 53 632 660 630 661 0.71 -
108_T514.1-R1 - 851 LRR_8 PF13855.8 61 9.4e-05 12.8 9.6 4 4 0.024 0.024 5.1 0.8 22 54 679 711 677 712 0.94 -
108_T483-R1 - 902 LRR_8 PF13855.8 61 0.00056 10.3 5.1 1 3 0.028 0.028 4.9 0.2 44 58 563 577 541 580 0.65 -
108_T483-R1 - 902 LRR_8 PF13855.8 61 0.00056 10.3 5.1 2 3 0.13 0.13 2.7 3.2 3 56 570 623 568 624 0.79 -
108_T483-R1 - 902 LRR_8 PF13855.8 61 0.00056 10.3 5.1 3 3 1.7 1.7 -0.9 0.0 3 32 836 865 834 867 0.68 -
108_T413-R1 - 912 LRR_8 PF13855.8 61 0.0027 8.1 11.8 1 4 0.0025 0.0025 8.2 1.3 19 56 573 611 571 611 0.90 -
108_T413-R1 - 912 LRR_8 PF13855.8 61 0.0027 8.1 11.8 2 4 0.014 0.014 5.8 1.1 19 57 598 635 596 639 0.92 -
108_T413-R1 - 912 LRR_8 PF13855.8 61 0.0027 8.1 11.8 3 4 1.9 1.9 -1.0 0.2 37 55 712 729 696 731 0.77 -
108_T413-R1 - 912 LRR_8 PF13855.8 61 0.0027 8.1 11.8 4 4 1 1 -0.2 0.0 3 56 848 877 843 879 0.49 -
108_T390-R1 - 907 LRR_8 PF13855.8 61 0.04 4.4 12.0 1 6 0.0084 0.0084 6.5 0.0 42 58 567 583 563 586 0.88 -
108_T390-R1 - 907 LRR_8 PF13855.8 61 0.04 4.4 12.0 2 6 1.5 1.5 -0.6 1.8 20 56 617 654 599 658 0.75 -
108_T390-R1 - 907 LRR_8 PF13855.8 61 0.04 4.4 12.0 3 6 0.65 0.65 0.5 0.1 20 52 642 676 631 679 0.64 -
108_T390-R1 - 907 LRR_8 PF13855.8 61 0.04 4.4 12.0 4 6 5.5 5.5 -2.5 0.1 11 21 715 725 708 733 0.46 -
108_T390-R1 - 907 LRR_8 PF13855.8 61 0.04 4.4 12.0 5 6 1.7 1.7 -0.9 0.0 3 58 794 850 793 852 0.53 -
108_T390-R1 - 907 LRR_8 PF13855.8 61 0.04 4.4 12.0 6 6 1 1 -0.2 0.0 3 20 843 861 841 874 0.72 -
108_T221-R1 - 881 LRR_8 PF13855.8 61 0.1 3.1 18.6 1 5 3.4 3.4 -1.8 0.4 29 49 382 402 374 403 0.82 -
108_T221-R1 - 881 LRR_8 PF13855.8 61 0.1 3.1 18.6 2 5 0.072 0.072 3.5 0.2 43 57 542 556 539 560 0.73 -
108_T221-R1 - 881 LRR_8 PF13855.8 61 0.1 3.1 18.6 3 5 0.003 0.003 8.0 1.3 19 57 567 604 565 628 0.92 -
108_T221-R1 - 881 LRR_8 PF13855.8 61 0.1 3.1 18.6 4 5 2.1 2.1 -1.2 0.5 36 55 680 698 663 700 0.68 -
108_T221-R1 - 881 LRR_8 PF13855.8 61 0.1 3.1 18.6 5 5 0.97 0.97 -0.1 0.0 3 56 817 846 811 848 0.49 -
108_T269-R1 - 890 LRR_9 PF14580.8 175 2.1e-05 14.7 2.2 1 2 1.8 6.4 -3.2 0.0 83 142 69 127 60 132 0.67 -
108_T269-R1 - 890 LRR_9 PF14580.8 175 2.1e-05 14.7 2.2 2 2 7e-06 2.6e-05 14.4 0.3 47 125 522 604 515 615 0.86 -
108_T458-R1 - 882 LRR_9 PF14580.8 175 4e-05 13.8 1.7 1 2 4.5e-05 0.00016 11.8 0.8 49 116 524 594 519 625 0.81 -
108_T458-R1 - 882 LRR_9 PF14580.8 175 4e-05 13.8 1.7 2 2 0.62 2.3 -1.7 0.1 92 121 612 639 597 665 0.52 -
108_T329-R1 - 856 LRR_9 PF14580.8 175 4.4e-05 13.6 4.9 1 2 9.5e-06 3.5e-05 13.9 0.7 47 120 516 588 511 598 0.84 -
108_T329-R1 - 856 LRR_9 PF14580.8 175 4.4e-05 13.6 4.9 2 2 0.051 0.19 1.8 0.5 47 122 586 660 577 671 0.72 -
108_T506-R1 - 857 LRR_9 PF14580.8 175 0.00011 12.3 5.1 1 2 2e-05 7.4e-05 12.9 0.5 48 119 521 591 515 613 0.82 -
108_T506-R1 - 857 LRR_9 PF14580.8 175 0.00011 12.3 5.1 2 2 0.14 0.52 0.4 0.4 66 127 634 697 620 744 0.46 -
108_T319.1-R1 - 839 LRR_9 PF14580.8 175 0.00069 9.7 7.5 1 3 7.7e-05 0.00028 11.0 0.1 48 115 482 552 477 559 0.81 -
108_T319.1-R1 - 839 LRR_9 PF14580.8 175 0.00069 9.7 7.5 2 3 0.076 0.28 1.2 2.6 47 120 552 626 544 662 0.71 -
108_T319.1-R1 - 839 LRR_9 PF14580.8 175 0.00069 9.7 7.5 3 3 0.8 2.9 -2.1 0.0 80 116 689 724 647 734 0.65 -
108_T473-R1 - 892 LRR_9 PF14580.8 175 0.0046 7.1 5.3 1 4 2.7 9.9 -3.8 0.0 83 104 78 100 75 103 0.78 -
108_T473-R1 - 892 LRR_9 PF14580.8 175 0.0046 7.1 5.3 2 4 0.00084 0.0031 7.6 0.3 52 122 521 590 515 597 0.87 -
108_T473-R1 - 892 LRR_9 PF14580.8 175 0.0046 7.1 5.3 3 4 0.89 3.2 -2.2 0.0 38 57 699 718 673 728 0.77 -
108_T473-R1 - 892 LRR_9 PF14580.8 175 0.0046 7.1 5.3 4 4 0.41 1.5 -1.1 0.1 102 152 751 808 730 813 0.48 -
108_T461-R1 - 910 MeaB PF03308.18 267 1.7e-05 14.4 0.0 1 1 2.8e-06 3.1e-05 13.5 0.0 18 63 165 209 152 223 0.78 -
108_T506-R1 - 857 MeaB PF03308.18 267 0.00012 11.6 0.0 1 1 2.3e-05 0.00025 10.6 0.0 25 63 171 209 160 214 0.87 -
108_T516-R1 - 921 Muted PF14942.8 146 9.4e-05 13.3 2.5 1 3 0.00079 0.0058 7.4 0.4 60 103 29 72 8 80 0.86 -
108_T516-R1 - 921 Muted PF14942.8 146 9.4e-05 13.3 2.5 2 3 0.017 0.12 3.1 0.0 63 95 215 247 190 269 0.83 -
108_T516-R1 - 921 Muted PF14942.8 146 9.4e-05 13.3 2.5 3 3 0.27 2 -0.8 0.0 77 138 518 578 494 582 0.74 -
108_T208-R1 - 973 Muted PF14942.8 146 0.00012 12.9 1.1 1 2 0.00095 0.0069 7.2 0.4 60 103 29 72 8 80 0.86 -
108_T208-R1 - 973 Muted PF14942.8 146 0.00012 12.9 1.1 2 2 0.018 0.13 3.0 0.0 63 95 215 247 190 270 0.82 -
108_T207-R1 - 950 Muted PF14942.8 146 0.00037 11.3 4.2 1 3 0.00054 0.004 8.0 0.6 60 103 28 71 12 79 0.87 -
108_T207-R1 - 950 Muted PF14942.8 146 0.00037 11.3 4.2 2 3 0.018 0.13 3.1 0.0 63 95 214 246 189 268 0.83 -
108_T207-R1 - 950 Muted PF14942.8 146 0.00037 11.3 4.2 3 3 1 7.4 -2.6 0.1 27 50 525 548 513 578 0.50 -
108_T516-R1 - 921 NACHT PF05729.14 166 9.2e-08 22.7 0.0 1 2 2.8e-07 4.1e-07 20.6 0.0 5 92 179 267 176 319 0.89 -
108_T516-R1 - 921 NACHT PF05729.14 166 9.2e-08 22.7 0.0 2 2 2.1 3.1 -1.8 0.0 102 122 447 467 438 485 0.79 -
108_T461-R1 - 910 NACHT PF05729.14 166 2.3e-07 21.4 0.0 1 1 4.5e-07 6.6e-07 19.9 0.0 5 90 180 264 177 281 0.82 -
108_T207-R1 - 950 NACHT PF05729.14 166 3.6e-07 20.8 0.0 1 1 5.8e-07 8.4e-07 19.6 0.0 5 92 178 266 175 318 0.88 -
108_T208-R1 - 973 NACHT PF05729.14 166 4e-07 20.6 0.0 1 1 5.9e-07 8.7e-07 19.5 0.0 5 92 179 267 176 319 0.88 -
108_T329-R1 - 856 NACHT PF05729.14 166 5.8e-06 16.8 0.1 1 1 1.1e-05 1.6e-05 15.4 0.1 1 90 173 262 173 320 0.74 -
108_T506-R1 - 857 NACHT PF05729.14 166 6.1e-06 16.8 0.0 1 1 1.1e-05 1.7e-05 15.4 0.0 1 90 176 265 176 309 0.85 -
108_T269-R1 - 890 NACHT PF05729.14 166 6.9e-06 16.6 0.0 1 1 9.7e-06 1.4e-05 15.6 0.0 5 90 181 267 178 276 0.76 -
108_T458-R1 - 882 NACHT PF05729.14 166 1.1e-05 16.0 0.0 1 1 1.7e-05 2.6e-05 14.8 0.0 5 90 181 267 177 274 0.84 -
108_T319.2-R1 - 895 NACHT PF05729.14 166 1.5e-05 15.5 0.0 1 1 2.2e-05 3.3e-05 14.4 0.0 3 90 179 267 177 276 0.78 -
108_T453-R1 - 911 NACHT PF05729.14 166 4.5e-05 14.0 0.3 1 2 0.00012 0.00017 12.1 0.1 2 43 187 227 186 304 0.76 -
108_T453-R1 - 911 NACHT PF05729.14 166 4.5e-05 14.0 0.3 2 2 3.6 5.2 -2.5 0.0 76 144 700 727 688 742 0.56 -
108_T483-R1 - 902 NACHT PF05729.14 166 6e-05 13.6 0.0 1 2 0.00035 0.00051 10.5 0.0 2 22 185 205 184 273 0.83 -
108_T483-R1 - 902 NACHT PF05729.14 166 6e-05 13.6 0.0 2 2 1.3 1.9 -1.1 0.0 107 159 821 877 809 882 0.71 -
108_T473-R1 - 892 NACHT PF05729.14 166 8.9e-05 13.0 0.1 1 1 0.00017 0.00026 11.5 0.1 5 89 179 264 176 271 0.72 -
108_T258-R1 - 908 NACHT PF05729.14 166 0.00011 12.7 0.0 1 1 0.00016 0.00024 11.6 0.0 2 71 185 252 184 310 0.68 -
108_T413-R1 - 912 NACHT PF05729.14 166 0.00012 12.5 0.0 1 1 0.00024 0.00036 11.0 0.0 2 30 190 219 189 308 0.69 -
108_T495-R1 - 860 NACHT PF05729.14 166 0.00015 12.2 0.0 1 1 0.00022 0.00032 11.2 0.0 1 89 172 260 172 265 0.65 -
108_T453-R1 - 911 NB-ARC PF00931.24 252 6.6e-93 301.0 1.1 1 2 4.4 4.4 -3.1 0.1 74 115 36 78 31 119 0.65 -
108_T453-R1 - 911 NB-ARC PF00931.24 252 6.6e-93 301.0 1.1 2 2 8.9e-93 8.9e-93 300.6 0.1 2 252 169 421 168 421 0.98 -
108_T516-R1 - 921 NB-ARC PF00931.24 252 1.8e-92 299.5 1.9 1 2 2.2e-92 2.2e-92 299.3 1.1 1 251 158 399 158 400 0.99 -
108_T516-R1 - 921 NB-ARC PF00931.24 252 1.8e-92 299.5 1.9 2 2 9.2 9.2 -4.2 0.0 99 122 461 485 447 501 0.67 -
108_T207-R1 - 950 NB-ARC PF00931.24 252 3.4e-92 298.6 0.8 1 1 5.6e-92 5.6e-92 297.9 0.8 1 251 157 398 157 399 0.99 -
108_T208-R1 - 973 NB-ARC PF00931.24 252 9.5e-92 297.2 0.7 1 1 1.4e-91 1.4e-91 296.6 0.7 1 251 158 399 158 400 0.99 -
108_T458-R1 - 882 NB-ARC PF00931.24 252 1.2e-90 293.6 0.1 1 1 2.7e-90 2.7e-90 292.4 0.1 1 252 160 402 160 402 0.99 -
108_T514.1-R1 - 851 NB-ARC PF00931.24 252 2.6e-88 286.0 0.1 1 1 4.6e-88 4.6e-88 285.1 0.1 2 252 162 408 161 408 0.98 -
108_T413-R1 - 912 NB-ARC PF00931.24 252 2.8e-86 279.3 0.8 1 2 1.9 1.9 -1.9 0.1 81 145 43 112 32 131 0.62 -
108_T413-R1 - 912 NB-ARC PF00931.24 252 2.8e-86 279.3 0.8 2 2 5e-86 5e-86 278.4 0.1 2 252 172 421 171 421 0.97 -
108_T269-R1 - 890 NB-ARC PF00931.24 252 2.8e-86 279.3 0.1 1 1 5.2e-86 5.2e-86 278.4 0.1 2 252 161 402 160 402 0.99 -
108_T317-R1 - 927 NB-ARC PF00931.24 252 3e-86 279.2 0.0 1 1 5.3e-86 5.3e-86 278.4 0.0 3 251 177 425 175 426 0.98 -
108_T461-R1 - 910 NB-ARC PF00931.24 252 3.2e-85 275.8 0.1 1 1 4.6e-85 4.6e-85 275.3 0.1 2 252 159 398 158 398 0.99 -
108_T473-R1 - 892 NB-ARC PF00931.24 252 3.7e-84 272.3 0.1 1 1 6.1e-84 6.1e-84 271.6 0.1 2 252 159 400 158 400 0.99 -
108_T483-R1 - 902 NB-ARC PF00931.24 252 1.2e-83 270.7 0.6 1 2 0.17 0.17 1.5 0.1 81 146 43 112 28 131 0.71 -
108_T483-R1 - 902 NB-ARC PF00931.24 252 1.2e-83 270.7 0.6 2 2 1.3e-82 1.3e-82 267.3 0.1 2 252 167 412 166 412 0.98 -
108_T319.2-R1 - 895 NB-ARC PF00931.24 252 2.3e-81 263.2 0.0 1 1 4.4e-81 4.4e-81 262.2 0.0 1 252 160 401 160 401 0.98 -
108_T168-R1 - 887 NB-ARC PF00931.24 252 4.2e-79 255.8 0.2 1 1 8e-79 8e-79 254.8 0.2 1 252 158 400 158 400 0.99 -
108_T390-R1 - 907 NB-ARC PF00931.24 252 2e-78 253.5 0.1 1 2 1.2 1.2 -1.3 0.4 74 139 36 105 27 123 0.68 -
108_T390-R1 - 907 NB-ARC PF00931.24 252 2e-78 253.5 0.1 2 2 2e-78 2e-78 253.5 0.1 2 252 167 413 166 413 0.96 -
108_T329-R1 - 856 NB-ARC PF00931.24 252 1.6e-77 250.5 1.0 1 1 2.7e-77 2.7e-77 249.8 1.0 2 251 157 396 156 397 0.98 -
108_T506-R1 - 857 NB-ARC PF00931.24 252 4e-77 249.3 1.2 1 1 7.1e-77 7.1e-77 248.5 1.2 2 251 159 399 158 400 0.98 -
108_T495-R1 - 860 NB-ARC PF00931.24 252 5.1e-75 242.4 0.1 1 1 8.1e-75 8.1e-75 241.7 0.1 2 251 156 395 155 396 0.98 -
108_T319.1-R1 - 839 NB-ARC PF00931.24 252 1.4e-74 240.9 0.1 1 1 2.4e-74 2.4e-74 240.2 0.1 1 252 117 359 117 359 0.98 -
108_T256-R1 - 900 NB-ARC PF00931.24 252 4.4e-74 239.3 0.7 1 1 9.6e-74 9.6e-74 238.2 0.7 2 251 166 413 165 414 0.93 -
108_T258-R1 - 908 NB-ARC PF00931.24 252 1.3e-71 231.2 1.2 1 1 2.2e-71 2.2e-71 230.5 1.2 3 251 168 414 166 415 0.92 -
108_T221-R1 - 881 NB-ARC PF00931.24 252 3e-68 220.2 6.9 1 3 0.13 0.13 1.9 0.1 75 146 37 112 24 133 0.71 -
108_T221-R1 - 881 NB-ARC PF00931.24 252 3e-68 220.2 6.9 2 3 1.9e-42 1.9e-42 135.7 1.9 2 125 170 289 169 291 0.96 -
108_T221-R1 - 881 NB-ARC PF00931.24 252 3e-68 220.2 6.9 3 3 6.7e-27 6.7e-27 84.7 0.0 156 252 289 389 286 389 0.95 -
108_T461-R1 - 910 NTPase_1 PF03266.17 169 6.1e-05 13.5 0.1 1 2 0.44 1.4 -0.7 0.0 10 27 156 173 153 181 0.77 -
108_T461-R1 - 910 NTPase_1 PF03266.17 169 6.1e-05 13.5 0.1 2 2 9.3e-05 0.00029 11.3 0.1 3 31 179 207 177 220 0.86 -
108_T207-R1 - 950 NTPase_1 PF03266.17 169 8.1e-05 13.1 0.2 1 2 0.64 2 -1.2 0.0 7 33 152 178 151 179 0.91 -
108_T207-R1 - 950 NTPase_1 PF03266.17 169 8.1e-05 13.1 0.2 2 2 0.00011 0.00033 11.1 0.2 4 25 178 199 175 207 0.85 -
108_T168-R1 - 887 NTPase_1 PF03266.17 169 0.0001 12.8 0.1 1 2 0.023 0.072 3.5 0.0 10 34 156 180 153 182 0.93 -
108_T168-R1 - 887 NTPase_1 PF03266.17 169 0.0001 12.8 0.1 2 2 0.0018 0.0057 7.1 0.0 6 25 181 200 179 206 0.86 -
108_T458-R1 - 882 NTPase_1 PF03266.17 169 0.00016 12.1 0.3 1 2 0.018 0.057 3.8 0.0 10 34 158 182 155 184 0.93 -
108_T458-R1 - 882 NTPase_1 PF03266.17 169 0.00016 12.1 0.3 2 2 0.002 0.0061 7.0 0.2 4 26 181 203 179 210 0.85 -
108_T516-R1 - 921 NTPase_1 PF03266.17 169 0.00017 12.1 1.5 1 3 4.2 13 -3.9 0.1 51 84 48 81 41 84 0.75 -
108_T516-R1 - 921 NTPase_1 PF03266.17 169 0.00017 12.1 1.5 2 3 0.62 1.9 -1.2 0.0 7 33 153 179 152 180 0.91 -
108_T516-R1 - 921 NTPase_1 PF03266.17 169 0.00017 12.1 1.5 3 3 0.0001 0.00032 11.1 0.2 4 25 179 200 176 208 0.85 -
108_T319.1-R1 - 839 NTPase_1 PF03266.17 169 0.00019 11.9 0.3 1 2 0.039 0.12 2.7 0.0 10 34 115 139 112 142 0.93 -
108_T319.1-R1 - 839 NTPase_1 PF03266.17 169 0.00019 11.9 0.3 2 2 0.0011 0.0036 7.7 0.3 4 52 138 196 135 229 0.60 -
108_T208-R1 - 973 NTPase_1 PF03266.17 169 0.0002 11.8 1.6 1 3 3 9.4 -3.4 0.1 50 84 47 81 40 84 0.78 -
108_T208-R1 - 973 NTPase_1 PF03266.17 169 0.0002 11.8 1.6 2 3 0.66 2.1 -1.3 0.0 7 33 153 179 152 180 0.91 -
108_T208-R1 - 973 NTPase_1 PF03266.17 169 0.0002 11.8 1.6 3 3 0.00011 0.00034 11.0 0.2 4 25 179 200 176 208 0.85 -
108_T168-R1 - 887 Nup54 PF13874.8 140 0.00061 10.4 3.8 1 2 0.03 0.65 0.6 0.3 104 135 38 70 11 91 0.58 -
108_T168-R1 - 887 Nup54 PF13874.8 140 0.00061 10.4 3.8 2 2 4.7e-05 0.001 9.7 0.3 48 120 648 720 642 726 0.88 -
108_T319.1-R1 - 839 PIF1 PF05970.16 362 8.6e-05 12.2 0.0 1 1 6.5e-06 0.00014 11.5 0.0 6 53 117 164 114 179 0.84 -
108_T207-R1 - 950 RNA_helicase PF00910.24 107 6.2e-05 14.0 0.0 1 1 2.1e-05 0.00015 12.7 0.0 3 92 178 267 176 272 0.74 -
108_T208-R1 - 973 RNA_helicase PF00910.24 107 6.4e-05 13.9 0.0 1 1 2.1e-05 0.00016 12.7 0.0 3 92 179 268 177 273 0.74 -
108_T461-R1 - 910 RNA_helicase PF00910.24 107 8.1e-05 13.6 0.0 1 1 2.4e-05 0.00017 12.5 0.0 3 30 180 205 178 251 0.79 -
108_T413-R1 - 912 RPW8 PF05659.13 139 4.7e-06 16.8 0.0 1 1 1.5e-06 1.1e-05 15.6 0.0 7 83 4 80 1 129 0.93 -
108_T221-R1 - 881 RPW8 PF05659.13 139 1.5e-05 15.2 0.0 1 1 5.4e-06 4e-05 13.8 0.0 12 83 9 80 4 98 0.89 -
108_T514.1-R1 - 851 RPW8 PF05659.13 139 8.4e-05 12.8 0.5 1 1 3.4e-05 0.00025 11.3 0.5 7 82 4 79 1 81 0.94 -
108_T514.1-R1 - 851 RRP36 PF06102.14 166 0.00011 12.8 2.2 1 2 1.9e-05 0.00041 10.9 1.4 66 119 18 71 9 74 0.79 -
108_T514.1-R1 - 851 RRP36 PF06102.14 166 0.00011 12.8 2.2 2 2 0.081 1.8 -0.9 0.0 38 72 515 552 495 583 0.77 -
108_T458-R1 - 882 RsgA_GTPase PF03193.18 167 0.0001 12.8 0.1 1 1 4.9e-05 0.00022 11.7 0.1 65 122 141 199 112 213 0.69 -
108_T168-R1 - 887 RsgA_GTPase PF03193.18 167 0.00011 12.7 0.1 1 1 5.9e-05 0.00026 11.5 0.1 38 122 108 197 78 233 0.75 -
108_T319.2-R1 - 895 RsgA_GTPase PF03193.18 167 0.00013 12.4 0.0 1 1 6.8e-05 0.0003 11.3 0.0 50 123 121 200 110 209 0.69 -
108_T461-R1 - 910 RsgA_GTPase PF03193.18 167 0.00019 11.9 0.0 1 1 8.1e-05 0.00036 11.0 0.0 87 123 163 199 71 217 0.78 -
108_T506-R1 - 857 RsgA_GTPase PF03193.18 167 0.00022 11.7 2.1 1 2 9.6e-05 0.00042 10.8 0.1 87 122 163 198 138 229 0.80 -
108_T506-R1 - 857 RsgA_GTPase PF03193.18 167 0.00022 11.7 2.1 2 2 0.29 1.3 -0.5 0.2 13 77 664 724 650 750 0.62 -
108_T413-R1 - 912 Rx_N PF18052.3 93 4.5e-24 75.2 0.5 1 1 7.2e-24 1.2e-23 73.8 0.5 1 90 5 94 5 132 0.93 -
108_T221-R1 - 881 Rx_N PF18052.3 93 2.8e-23 72.7 1.6 1 1 4.2e-23 7.2e-23 71.3 1.6 1 87 5 91 5 129 0.93 -
108_T390-R1 - 907 Rx_N PF18052.3 93 5.5e-23 71.7 1.4 1 1 7.8e-23 1.3e-22 70.5 1.4 1 89 5 93 5 115 0.93 -
108_T256-R1 - 900 Rx_N PF18052.3 93 9.1e-23 71.0 1.4 1 1 1.6e-22 2.7e-22 69.5 1.4 1 79 3 81 3 124 0.94 -
108_T453-R1 - 911 Rx_N PF18052.3 93 1.5e-21 67.1 1.0 1 1 2.4e-21 4.1e-21 65.7 1.0 2 89 6 93 5 113 0.91 -
108_T483-R1 - 902 Rx_N PF18052.3 93 2.7e-21 66.3 0.8 1 1 4.8e-21 8.1e-21 64.8 0.7 1 85 5 89 5 119 0.92 -
108_T514.1-R1 - 851 Rx_N PF18052.3 93 5.7e-21 65.3 1.7 1 1 8.3e-21 1.4e-20 64.0 1.7 1 89 5 93 5 122 0.92 -
108_T258-R1 - 908 Rx_N PF18052.3 93 4.5e-20 62.4 0.5 1 1 8.5e-20 1.4e-19 60.8 0.5 2 85 6 89 5 108 0.92 -
108_T317-R1 - 927 Rx_N PF18052.3 93 3.2e-17 53.2 0.0 1 1 6.2e-17 1.1e-16 51.6 0.0 4 82 8 92 5 117 0.88 -
108_T516-R1 - 921 Rx_N PF18052.3 93 0.00015 12.6 1.2 1 1 0.00028 0.00048 11.0 1.2 8 71 18 88 13 99 0.73 -
108_T207-R1 - 950 Rx_N PF18052.3 93 0.00019 12.3 1.0 1 1 0.00032 0.00055 10.8 1.0 20 71 28 87 13 98 0.76 -
108_T208-R1 - 973 Rx_N PF18052.3 93 0.0002 12.2 1.3 1 1 0.00034 0.00057 10.8 1.3 8 71 18 88 13 99 0.72 -
108_T168-R1 - 887 Rx_N PF18052.3 93 0.00055 10.8 2.6 1 1 0.0012 0.002 9.0 2.6 2 61 11 78 10 99 0.83 -
108_T514.1-R1 - 851 Spectrin PF00435.23 105 9.7e-05 13.5 0.7 1 1 1.6e-05 0.00036 11.6 0.7 14 70 14 68 10 80 0.83 -
108_T461-R1 - 910 T2SSE PF00437.22 277 5.4e-05 12.8 0.0 1 1 4.2e-06 9.3e-05 12.0 0.0 108 159 149 202 141 225 0.84 -
108_T317-R1 - 927 TsaE PF02367.19 128 3.2e-05 14.5 0.0 1 1 3.5e-06 7.6e-05 13.3 0.0 20 105 192 278 178 298 0.73 -
108_T256-R1 - 900 VD10_N PF08476.12 43 9.6e-05 12.7 0.0 1 3 0.0011 0.024 5.0 0.0 23 35 177 189 168 190 0.86 -
108_T256-R1 - 900 VD10_N PF08476.12 43 9.6e-05 12.7 0.0 2 3 0.31 6.7 -2.9 0.0 19 28 265 274 265 274 0.92 -
108_T256-R1 - 900 VD10_N PF08476.12 43 9.6e-05 12.7 0.0 3 3 0.0019 0.043 4.2 0.0 13 28 546 561 540 562 0.93 -
108_T413-R1 - 912 Viral_helicase1 PF01443.20 234 2.5e-05 14.6 0.0 1 1 6.2e-06 4.5e-05 13.8 0.0 3 75 193 260 191 271 0.75 -
108_T483-R1 - 902 Viral_helicase1 PF01443.20 234 3e-05 14.4 0.0 1 1 7e-06 5.2e-05 13.6 0.0 3 72 188 252 186 264 0.78 -
108_T221-R1 - 881 Viral_helicase1 PF01443.20 234 5e-05 13.6 0.0 1 1 1.2e-05 9.1e-05 12.8 0.0 3 72 191 255 189 267 0.76 -
108_T317-R1 - 927 Zeta_toxin PF06414.14 201 1.3e-06 18.4 0.0 1 1 1.2e-07 2.7e-06 17.4 0.0 14 102 191 287 183 292 0.78 -
108_T453-R1 - 911 pbNB-ARC - 338 4.4e-132 430.7 0.3 1 1 7.1e-132 7.1e-132 430.0 0.3 2 337 165 509 164 510 0.97 -
108_T317-R1 - 927 pbNB-ARC - 338 1.8e-128 418.8 0.0 1 1 3.5e-128 3.5e-128 417.8 0.0 2 338 172 514 171 514 0.97 -
108_T514.1-R1 - 851 pbNB-ARC - 338 1.2e-123 402.9 0.1 1 1 2e-123 2e-123 402.2 0.1 1 338 157 496 157 496 0.95 -
108_T458-R1 - 882 pbNB-ARC - 338 2.9e-121 395.1 0.5 1 1 4.9e-121 4.9e-121 394.4 0.5 1 338 156 488 156 488 0.97 -
108_T207-R1 - 950 pbNB-ARC - 338 2.9e-120 391.8 1.3 1 1 4.5e-120 4.5e-120 391.2 1.3 4 338 156 483 154 483 0.95 -
108_T461-R1 - 910 pbNB-ARC - 338 3.6e-120 391.5 0.2 1 1 5e-120 5e-120 391.1 0.2 2 338 155 482 154 482 0.99 -
108_T516-R1 - 921 pbNB-ARC - 338 8.7e-119 387.0 1.4 1 1 1.4e-118 1.4e-118 386.3 1.4 4 338 157 484 155 484 0.96 -
108_T269-R1 - 890 pbNB-ARC - 338 3.6e-114 371.8 0.1 1 1 6.8e-114 6.8e-114 370.9 0.1 2 338 157 488 156 488 0.96 -
108_T413-R1 - 912 pbNB-ARC - 338 1.1e-112 366.9 0.1 1 1 1.6e-112 1.6e-112 366.4 0.1 2 337 168 505 167 506 0.95 -
108_T208-R1 - 973 pbNB-ARC - 338 2.9e-112 365.5 2.7 1 1 4.6e-111 4.6e-111 361.6 2.7 4 337 157 471 155 472 0.94 -
108_T390-R1 - 907 pbNB-ARC - 338 4.3e-111 361.7 0.2 1 1 6.5e-111 6.5e-111 361.1 0.2 2 337 163 501 162 502 0.93 -
108_T473-R1 - 892 pbNB-ARC - 338 4.7e-110 358.3 0.4 1 1 6.8e-110 6.8e-110 357.7 0.4 2 338 155 482 154 482 0.94 -
108_T319.2-R1 - 895 pbNB-ARC - 338 4.7e-110 358.3 0.0 1 1 1.2e-109 1.2e-109 356.9 0.0 2 338 157 487 156 487 0.96 -
108_T483-R1 - 902 pbNB-ARC - 338 5.1e-110 358.1 0.1 1 1 8.4e-110 8.4e-110 357.4 0.1 2 337 163 496 162 497 0.95 -
108_T319.1-R1 - 839 pbNB-ARC - 338 2.2e-103 336.4 0.1 1 1 3.6e-103 3.6e-103 335.6 0.1 2 338 114 447 113 447 0.95 -
108_T329-R1 - 856 pbNB-ARC - 338 6.9e-102 331.4 1.8 1 1 1e-101 1e-101 330.8 1.8 3 338 154 482 152 482 0.94 -
108_T258-R1 - 908 pbNB-ARC - 338 8.8e-102 331.1 1.6 1 1 1.3e-101 1.3e-101 330.5 1.6 3 336 164 504 162 506 0.94 -
108_T168-R1 - 887 pbNB-ARC - 338 9.5e-102 331.0 1.3 1 2 9.5e-102 9.5e-102 331.0 1.3 2 338 155 488 154 488 0.96 -
108_T168-R1 - 887 pbNB-ARC - 338 9.5e-102 331.0 1.3 2 2 0.27 0.27 0.7 0.2 234 259 702 728 678 732 0.82 -
108_T495-R1 - 860 pbNB-ARC - 338 1.6e-100 326.9 0.3 1 1 3e-100 3e-100 326.0 0.3 3 338 153 481 151 481 0.93 -
108_T256-R1 - 900 pbNB-ARC - 338 1.8e-100 326.7 0.5 1 1 3.5e-100 3.5e-100 325.8 0.5 2 336 162 502 161 504 0.92 -
108_T506-R1 - 857 pbNB-ARC - 338 3.8e-100 325.7 2.5 1 1 5.9e-100 5.9e-100 325.1 2.5 3 338 156 485 154 485 0.94 -
108_T221-R1 - 881 pbNB-ARC - 338 3.7e-97 315.9 3.3 1 2 1.1e-42 1.1e-42 136.8 2.2 2 127 166 288 165 291 0.94 -
108_T221-R1 - 881 pbNB-ARC - 338 3.7e-97 315.9 3.3 2 2 1.8e-55 1.8e-55 178.8 0.0 160 337 290 473 286 474 0.93 -
108_T269-R1 - 890 Rx_N2 - 137 4e-53 169.7 2.4 1 2 2.4e-53 4e-53 169.7 2.4 1 136 1 142 1 143 0.97 -
108_T269-R1 - 890 Rx_N2 - 137 4e-53 169.7 2.4 2 2 3.8 6.4 -2.6 0.4 101 122 661 691 643 702 0.60 -
108_T506-R1 - 857 Rx_N2 - 137 4.7e-53 169.4 5.1 1 2 2.8e-53 4.7e-53 169.4 5.1 1 136 1 141 1 142 0.98 -
108_T506-R1 - 857 Rx_N2 - 137 4.7e-53 169.4 5.1 2 2 4.1 6.9 -2.8 0.1 115 126 673 684 635 705 0.62 -
108_T473-R1 - 892 Rx_N2 - 137 2.6e-52 167.0 6.0 1 1 2.4e-52 4.1e-52 166.4 4.8 1 136 1 141 1 142 0.99 -
108_T319.2-R1 - 895 Rx_N2 - 137 3.5e-51 163.4 4.1 1 3 2.1e-51 3.5e-51 163.4 4.1 1 135 1 141 1 143 0.97 -
108_T319.2-R1 - 895 Rx_N2 - 137 3.5e-51 163.4 4.1 2 3 1.6 2.8 -1.5 0.2 90 126 577 614 571 621 0.77 -
108_T319.2-R1 - 895 Rx_N2 - 137 3.5e-51 163.4 4.1 3 3 9.3 16 -3.9 0.3 72 80 860 868 849 874 0.77 -
108_T207-R1 - 950 Rx_N2 - 137 8.1e-50 159.0 3.1 1 1 1.5e-49 2.5e-49 157.4 3.1 1 135 1 139 1 141 0.98 -
108_T458-R1 - 882 Rx_N2 - 137 1e-48 155.4 0.9 1 3 6.2e-49 1e-48 155.4 0.9 1 136 1 142 1 143 0.96 -
108_T458-R1 - 882 Rx_N2 - 137 1e-48 155.4 0.9 2 3 4.2 7.2 -2.8 0.0 66 82 363 379 357 385 0.76 -
108_T458-R1 - 882 Rx_N2 - 137 1e-48 155.4 0.9 3 3 6 10 -3.3 0.3 101 125 665 695 630 705 0.51 -
108_T168-R1 - 887 Rx_N2 - 137 3.8e-48 153.5 7.8 1 3 2.8e-48 4.7e-48 153.2 5.0 1 135 1 139 1 141 0.97 -
108_T168-R1 - 887 Rx_N2 - 137 3.8e-48 153.5 7.8 2 3 7.1 12 -3.5 0.0 66 87 361 382 357 408 0.76 -
108_T168-R1 - 887 Rx_N2 - 137 3.8e-48 153.5 7.8 3 3 2.5 4.3 -2.1 0.0 20 48 693 721 683 727 0.66 -
108_T516-R1 - 921 Rx_N2 - 137 1.2e-47 152.0 2.1 1 2 6.9e-48 1.2e-47 152.0 2.1 1 136 1 141 1 142 0.97 -
108_T516-R1 - 921 Rx_N2 - 137 1.2e-47 152.0 2.1 2 2 2.7 4.6 -2.2 0.0 55 55 662 662 625 686 0.58 -
108_T208-R1 - 973 Rx_N2 - 137 4.1e-47 150.2 2.0 1 1 7.8e-47 1.3e-46 148.5 2.0 1 136 1 141 1 142 0.97 -
108_T495-R1 - 860 Rx_N2 - 137 7.6e-47 149.3 0.3 1 1 1.2e-46 2.1e-46 147.9 0.3 7 136 5 139 2 140 0.98 -
108_T329-R1 - 856 Rx_N2 - 137 1.7e-46 148.2 1.4 1 3 1e-46 1.7e-46 148.2 1.4 1 136 1 139 1 140 0.94 -
108_T329-R1 - 856 Rx_N2 - 137 1.7e-46 148.2 1.4 2 3 1.5 2.5 -1.3 0.0 86 124 567 606 563 616 0.81 -
108_T329-R1 - 856 Rx_N2 - 137 1.7e-46 148.2 1.4 3 3 3.6 6.1 -2.6 0.0 68 94 705 731 698 738 0.77 -
108_T461-R1 - 910 Rx_N2 - 137 2.5e-43 137.9 0.6 1 1 4.3e-43 7.3e-43 136.4 0.6 1 135 1 141 1 143 0.94 -
108_T319.1-R1 - 839 Rx_N2 - 137 1.7e-32 102.9 0.2 1 2 9.9e-33 1.7e-32 102.9 0.2 43 136 1 99 1 100 0.98 -
108_T319.1-R1 - 839 Rx_N2 - 137 1.7e-32 102.9 0.2 2 2 1.5 2.6 -1.4 0.7 76 112 616 656 592 674 0.55 -
#
# Program: hmmsearch
# Version: 3.3.2 (Nov 2020)
# Pipeline mode: SEARCH
# Query file: Pfam-A.plus.hmm
# Target file: 108.pbNB-ARC.fulllength.fa
# Option settings: hmmsearch --domtblout 108.pbNB-ARC.Pfam.tbl Pfam-A.plus.hmm 108.pbNB-ARC.fulllength.fa 
# Current dir: /content
# Date: Sat Oct 2 05:51:54 2021
# [ok]
