#                                                                            --- full sequence --- -------------- this domain -------------   hmm coord   ali coord   env coord
# target name        accession   tlen query name           accession   qlen   E-value  score  bias   #  of  c-Evalue  i-Evalue  score  bias  from    to  from    to  from    to  acc description of target
#------------------- ---------- ----- -------------------- ---------- ----- --------- ------ ----- --- --- --------- --------- ------ ----- ----- ----- ----- ----- ----- ----- ---- ---------------------
108_T453-R1          -            911 pbNB-ARC             -            338  1.2e-130  430.7   0.3   1   1  5.5e-131    2e-130  430.0   0.3     2   337   165   509   164   510 0.97 -
108_T317-R1          -            927 pbNB-ARC             -            338  5.2e-127  418.8   0.0   1   1  2.7e-127  9.9e-127  417.8   0.0     2   338   172   514   171   514 0.97 -
108_T514.1-R1        -            851 pbNB-ARC             -            338  3.5e-122  402.9   0.1   1   1  1.5e-122  5.5e-122  402.2   0.1     1   338   157   496   157   496 0.95 -
108_T458-R1          -            882 pbNB-ARC             -            338  8.2e-120  395.1   0.5   1   1  3.8e-120  1.4e-119  394.4   0.5     1   338   156   488   156   488 0.97 -
108_T207-R1          -            950 pbNB-ARC             -            338  8.1e-119  391.8   1.3   1   1  3.5e-119  1.3e-118  391.2   1.3     4   338   156   483   154   483 0.95 -
108_T461-R1          -            910 pbNB-ARC             -            338    1e-118  391.5   0.2   1   1  3.8e-119  1.4e-118  391.1   0.2     2   338   155   482   154   482 0.99 -
108_T516-R1          -            921 pbNB-ARC             -            338  2.4e-117  387.0   1.4   1   1  1.1e-117  3.9e-117  386.3   1.4     4   338   157   484   155   484 0.96 -
108_T269-R1          -            890 pbNB-ARC             -            338    1e-112  371.8   0.1   1   1  5.2e-113  1.9e-112  370.9   0.1     2   338   157   488   156   488 0.96 -
108_T413-R1          -            912 pbNB-ARC             -            338  3.1e-111  366.9   0.1   1   1  1.2e-111  4.4e-111  366.4   0.1     2   337   168   505   167   506 0.95 -
108_T208-R1          -            973 pbNB-ARC             -            338  8.2e-111  365.5   2.7   1   1  3.6e-110  1.3e-109  361.6   2.7     4   337   157   471   155   472 0.94 -
108_T390-R1          -            907 pbNB-ARC             -            338  1.2e-109  361.7   0.2   1   1    5e-110  1.8e-109  361.1   0.2     2   337   163   501   162   502 0.93 -
108_T473-R1          -            892 pbNB-ARC             -            338  1.3e-108  358.3   0.4   1   1  5.3e-109  1.9e-108  357.7   0.4     2   338   155   482   154   482 0.94 -
108_T319.2-R1        -            895 pbNB-ARC             -            338  1.3e-108  358.3   0.0   1   1  9.2e-109  3.3e-108  356.9   0.0     2   338   157   487   156   487 0.96 -
108_T483-R1          -            902 pbNB-ARC             -            338  1.4e-108  358.1   0.1   1   1  6.5e-109  2.4e-108  357.4   0.1     2   337   163   496   162   497 0.95 -
108_T319.1-R1        -            839 pbNB-ARC             -            338  6.1e-102  336.4   0.1   1   1  2.7e-102    1e-101  335.6   0.1     2   338   114   447   113   447 0.95 -
108_T329-R1          -            856 pbNB-ARC             -            338    2e-100  331.4   1.8   1   1    8e-101  2.9e-100  330.8   1.8     3   338   154   482   152   482 0.94 -
108_T258-R1          -            908 pbNB-ARC             -            338  2.5e-100  331.1   1.6   1   1  9.8e-101  3.6e-100  330.5   1.6     3   336   164   504   162   506 0.94 -
108_T168-R1          -            887 pbNB-ARC             -            338  2.7e-100  331.0   1.3   1   2  7.3e-101  2.7e-100  331.0   1.3     2   338   155   488   154   488 0.96 -
108_T168-R1          -            887 pbNB-ARC             -            338  2.7e-100  331.0   1.3   2   2       2.1       7.5    0.7   0.2   234   259   702   728   678   732 0.82 -
108_T495-R1          -            860 pbNB-ARC             -            338   4.5e-99  326.9   0.3   1   1   2.3e-99   8.5e-99  326.0   0.3     3   338   153   481   151   481 0.93 -
108_T256-R1          -            900 pbNB-ARC             -            338   5.2e-99  326.7   0.5   1   1   2.7e-99     1e-98  325.8   0.5     2   336   162   502   161   504 0.92 -
108_T506-R1          -            857 pbNB-ARC             -            338   1.1e-98  325.7   2.5   1   1   4.6e-99   1.7e-98  325.1   2.5     3   338   156   485   154   485 0.94 -
108_T221-R1          -            881 pbNB-ARC             -            338     1e-95  315.9   3.3   1   2   8.2e-42     3e-41  136.8   2.2     2   127   166   288   165   291 0.94 -
108_T221-R1          -            881 pbNB-ARC             -            338     1e-95  315.9   3.3   2   2   1.4e-54   5.1e-54  178.8   0.0   160   337   290   473   286   474 0.93 -
108_T431-R1          -            902 pbNB-ARC             -            338   1.9e-95  315.0   0.9   1   1     1e-95   3.7e-95  314.0   0.9     2   337   164   512   163   513 0.91 -
108_T370-R1          -           1060 pbNB-ARC             -            338   1.8e-94  311.8   0.1   1   1   8.8e-95   3.2e-94  311.0   0.1     3   336   164   518   162   520 0.91 -
108_T467-R1          -            896 pbNB-ARC             -            338   2.6e-94  311.3   0.0   1   1   1.1e-94   3.9e-94  310.7   0.0     2   336   163   504   162   506 0.94 -
108_T220-R1          -            877 pbNB-ARC             -            338   5.5e-94  310.2   3.7   1   2   3.9e-42   1.4e-41  137.9   2.7     2   127   165   287   164   289 0.93 -
108_T220-R1          -            877 pbNB-ARC             -            338   5.5e-94  310.2   3.7   2   2   2.1e-52   7.8e-52  171.6   0.0   160   337   289   470   286   471 0.90 -
108_T075-R1          -            875 pbNB-ARC             -            338   6.9e-94  309.9   0.4   1   1   3.1e-94   1.1e-93  309.2   0.4     2   338   150   479   149   479 0.95 -
108_T169-R1          -            880 pbNB-ARC             -            338     8e-94  309.7   0.6   1   2   2.2e-94     8e-94  309.7   0.6     2   338   153   484   152   484 0.95 -
108_T169-R1          -            880 pbNB-ARC             -            338     8e-94  309.7   0.6   2   2       4.6        17   -0.4   0.1   234   259   698   724   667   727 0.77 -
108_T066-R1          -            889 pbNB-ARC             -            338   9.9e-94  309.4   0.9   1   2   6.5e-94   2.4e-93  308.1   0.1     2   338   153   490   152   490 0.94 -
108_T066-R1          -            889 pbNB-ARC             -            338   9.9e-94  309.4   0.9   2   2       6.7        24   -1.0   0.1   237   259   707   730   686   733 0.82 -
108_T067-R1          -            837 pbNB-ARC             -            338     1e-92  306.0   1.6   1   1   5.1e-93   1.9e-92  305.2   1.6     2   312   153   462   152   477 0.95 -
108_T450-R1          -            855 pbNB-ARC             -            338   8.1e-92  303.1   0.2   1   1   3.6e-92   1.3e-91  302.4   0.2     4   338   156   484   153   484 0.92 -
108_T306-R1          -            851 pbNB-ARC             -            338   2.5e-87  288.3   3.9   1   1   1.2e-87   4.4e-87  287.5   3.9     2   337   162   498   161   499 0.93 -
108_T470-R1          -            907 pbNB-ARC             -            338   7.2e-86  283.5   0.5   1   1   3.6e-86   1.3e-85  282.7   0.5     2   336   160   499   159   501 0.91 -
108_T368-R1          -            844 pbNB-ARC             -            338   1.3e-82  272.8   1.7   1   1   5.5e-83     2e-82  272.2   1.7     3   338   158   481   156   481 0.92 -
108_T410-R1          -            982 pbNB-ARC             -            338   4.9e-80  264.3   1.7   1   1   2.4e-80   8.8e-80  263.5   1.7     7   338   154   477   150   477 0.89 -
108_T369-R1          -           1270 pbNB-ARC             -            338   1.5e-78  259.4   0.1   1   1   6.7e-79   2.4e-78  258.8   0.1    11   338   158   475   148   475 0.93 -
108_T304-R1          -            847 pbNB-ARC             -            338   4.4e-77  254.6   6.3   1   1     2e-77   7.4e-77  253.9   6.3     2   337   160   490   159   491 0.93 -
108_T262-R1          -           1068 pbNB-ARC             -            338   1.5e-70  233.2   0.0   1   1   7.2e-71   2.6e-70  232.4   0.0     4   334   187   512   184   514 0.89 -
108_T264-R1          -           1425 pbNB-ARC             -            338   1.7e-70  233.0   0.0   1   1   6.5e-71   2.4e-70  232.5   0.0    14   335   180   495   167   498 0.90 -
108_T076-R1          -            692 pbNB-ARC             -            338   1.3e-57  190.6   3.5   1   2   2.1e-19   7.6e-19   63.2   0.8     2    68   136   200   135   206 0.94 -
108_T076-R1          -            692 pbNB-ARC             -            338   1.3e-57  190.6   3.5   2   2   1.8e-39   6.6e-39  129.1   0.1   177   332   200   356   197   361 0.91 -
108_T555-R1          -            380 pbNB-ARC             -            338   1.8e-57  190.1   0.4   1   1   5.1e-58   1.8e-57  190.1   0.4     9   225   147   362   141   374 0.90 -
108_T526-R1          -            376 pbNB-ARC             -            338   2.9e-54  179.6   0.2   1   1     8e-55   2.9e-54  179.6   0.2     9   225   147   362   140   372 0.89 -
108_T058-R1          -           2374 pbNB-ARC             -            338   1.1e-47  158.0   5.8   1   2     2e-22   7.2e-22   73.1   1.0     2   230   363   585   362   611 0.81 -
108_T058-R1          -           2374 pbNB-ARC             -            338   1.1e-47  158.0   5.8   2   2   1.1e-26   4.1e-26   87.0   0.3     3   228  1326  1541  1324  1606 0.86 -
108_T424-R1          -            538 pbNB-ARC             -            338   1.6e-45  150.9   0.0   1   1   1.1e-45   3.9e-45  149.6   0.0     8   337   185   497   180   498 0.82 -
108_T529-R1          -            545 pbNB-ARC             -            338   4.8e-41  136.1   0.1   1   1     2e-41   7.4e-41  135.5   0.1   199   337     1   142     1   143 0.93 -
108_T377-R1          -            812 pbNB-ARC             -            338   8.5e-40  132.0   0.0   1   1   5.6e-40   2.1e-39  130.8   0.0     4   337   181   492   179   493 0.82 -
108_T406-R1          -            798 pbNB-ARC             -            338   6.6e-38  125.8   0.3   1   2   8.2e-08     3e-07   25.1   0.1     9    70   173   233   167   247 0.79 -
108_T406-R1          -            798 pbNB-ARC             -            338   6.6e-38  125.8   0.3   2   2   2.2e-30   8.1e-30   99.2   0.0    98   338   238   470   228   470 0.80 -
108_T241-R1          -           1608 pbNB-ARC             -            338   2.4e-37  124.0   0.0   1   2   1.5e-12   5.4e-12   40.6   0.0     2   151   268   419   267   432 0.80 -
108_T241-R1          -           1608 pbNB-ARC             -            338   2.4e-37  124.0   0.0   2   2   8.6e-25   3.1e-24   80.9   0.0    22   272   601   841   581   899 0.81 -
108_T335-R1          -           1998 pbNB-ARC             -            338   6.5e-36  119.3   0.5   1   2   1.5e-24   5.3e-24   80.1   0.0     4   285   219   490   216   513 0.79 -
108_T335-R1          -           1998 pbNB-ARC             -            338   6.5e-36  119.3   0.5   2   2   4.2e-11   1.5e-10   35.9   0.0   130   273  1581  1716  1563  1750 0.84 -
108_T337-R1          -           1306 pbNB-ARC             -            338   1.3e-35  118.3   0.3   1   1   6.4e-36   2.3e-35  117.5   0.3     4   309   192   502   190   544 0.83 -
108_T358-R1          -           1124 pbNB-ARC             -            338   3.1e-35  117.0   0.1   1   1   1.3e-35   4.7e-35  116.4   0.1     2   272   203   464   202   481 0.85 -
108_T326-R1          -            816 pbNB-ARC             -            338   1.3e-34  115.0   0.1   1   1   7.6e-35   2.8e-34  113.9   0.0     2   336   172   497   171   499 0.80 -
108_T131-R1          -           1573 pbNB-ARC             -            338   1.3e-34  115.0   3.7   1   1   6.5e-35   2.4e-34  114.1   3.7     2   280   377   648   376   690 0.81 -
108_T192-R1          -           1220 pbNB-ARC             -            338   1.5e-34  114.8   0.2   1   1   1.1e-34     4e-34  113.4   0.2     2   272   187   448   186   494 0.84 -
108_T366-R1          -           1201 pbNB-ARC             -            338   7.4e-34  112.5   0.0   1   1   4.7e-34   1.7e-33  111.3   0.0     4   266   193   444   191   451 0.85 -
108_T325-R1          -            858 pbNB-ARC             -            338   9.3e-33  108.9   0.0   1   1   4.1e-33   1.5e-32  108.2   0.0     2   335   216   539   215   542 0.75 -
108_T054-R1          -           1218 pbNB-ARC             -            338     6e-32  106.2   0.3   1   1   2.8e-32     1e-31  105.5   0.3     4   276   209   474   206   499 0.83 -
108_T204-R1          -           1204 pbNB-ARC             -            338   1.3e-31  105.1   1.5   1   1   4.8e-32   1.7e-31  104.7   0.5     4   268   193   445   191   463 0.82 -
108_T130-R1          -           1557 pbNB-ARC             -            338   1.5e-31  104.9   4.1   1   1   7.6e-32   2.8e-31  104.1   4.1     3   280   363   633   362   678 0.78 -
108_T254-R1          -           1227 pbNB-ARC             -            338   5.2e-31  103.2   0.4   1   1   4.2e-31   1.5e-30  101.6   0.1     2   307   209   517   208   529 0.78 -
108_T292-R1          -            910 pbNB-ARC             -            338   2.8e-29   97.4   0.4   1   1   1.2e-29   4.4e-29   96.8   0.4     2   278    24   294    23   327 0.82 -
108_T059-R1          -           1202 pbNB-ARC             -            338   5.1e-29   96.6   2.3   1   1   5.2e-27   1.9e-26   88.2   2.3     4   268   223   458   221   506 0.82 -
108_T119-R1          -           1221 pbNB-ARC             -            338   6.6e-29   96.2   0.2   1   1   3.5e-29   1.3e-28   95.3   0.2     2   265   220   473   219   488 0.82 -
108_T064-R1          -           1151 pbNB-ARC             -            338   7.7e-29   96.0   0.0   1   1   5.5e-29     2e-28   94.7   0.0     2   267   185   442   184   496 0.82 -
108_T360.2-R1        -           1039 pbNB-ARC             -            338   1.4e-28   95.2   0.8   1   1   6.2e-29   2.3e-28   94.5   0.8     2   273   184   450   183   476 0.78 -
108_T240-R1          -           1180 pbNB-ARC             -            338   1.6e-28   95.0   0.2   1   1   7.9e-29   2.9e-28   94.1   0.2     3   267   216   470   214   510 0.83 -
108_T476-R1          -           1137 pbNB-ARC             -            338   2.4e-28   94.4   0.0   1   1   1.1e-28   3.9e-28   93.7   0.0     2   268   197   455   196   469 0.87 -
108_T161-R1          -           1132 pbNB-ARC             -            338   8.4e-28   92.6   0.0   1   1     4e-28   1.5e-27   91.8   0.0     2   268   191   449   190   460 0.86 -
108_T380-R1          -           1101 pbNB-ARC             -            338   9.9e-28   92.4   0.0   1   1   4.4e-28   1.6e-27   91.7   0.0     2   290   154   433   153   461 0.82 -
108_T163-R1          -           1035 pbNB-ARC             -            338   1.1e-27   92.2   0.1   1   1   6.5e-28   2.4e-27   91.1   0.1     2   269   186   450   185   469 0.84 -
108_T114-R1          -           1525 pbNB-ARC             -            338   1.2e-27   92.1   0.2   1   2   1.7e-27   6.3e-27   89.7   0.1     8   278   148   407   142   461 0.76 -
108_T114-R1          -           1525 pbNB-ARC             -            338   1.2e-27   92.1   0.2   2   2       5.2        19   -0.6   0.0   236   271  1045  1078  1026  1146 0.86 -
108_T437-R1          -           1025 pbNB-ARC             -            338   3.3e-27   90.7   0.1   1   1   1.4e-27   5.2e-27   90.0   0.1     2   273   172   437   171   483 0.83 -
108_T187-R1          -           1258 pbNB-ARC             -            338   3.6e-27   90.5   0.0   1   2       8.3        30   -1.3   0.0   161   181    36    56    20    64 0.78 -
108_T187-R1          -           1258 pbNB-ARC             -            338   3.6e-27   90.5   0.0   2   2   4.3e-27   1.6e-26   88.4   0.0     3   332   267   595   265   598 0.80 -
108_T440-R1          -           1230 pbNB-ARC             -            338   3.8e-27   90.4   0.1   1   1   1.8e-27   6.4e-27   89.7   0.1     2   271   185   443   184   460 0.89 -
108_T387-R1          -           1062 pbNB-ARC             -            338   5.1e-27   90.0   0.0   1   1   2.3e-27   8.3e-27   89.3   0.0     3   270   179   437   177   496 0.83 -
108_T343-R1          -            751 pbNB-ARC             -            338   6.1e-27   89.8   0.1   1   1   2.4e-27   8.7e-27   89.3   0.1     2   277    91   362    90   393 0.83 -
108_T053-R1          -           1379 pbNB-ARC             -            338   6.6e-27   89.7   0.4   1   2   2.8e-25     1e-24   82.5   0.1    10   272   159   407   152   463 0.80 -
108_T053-R1          -           1379 pbNB-ARC             -            338   6.6e-27   89.7   0.4   2   2     0.093      0.34    5.1   0.0   241   272  1086  1117  1071  1199 0.89 -
108_T289.1-R1        -           1191 pbNB-ARC             -            338   6.9e-27   89.6   0.2   1   1   2.9e-27   1.1e-26   89.0   0.2     2   272   271   527   270   556 0.81 -
108_T189-R1          -            965 pbNB-ARC             -            338   1.6e-26   88.4   0.0   1   1   7.1e-27   2.6e-26   87.7   0.0     3   270   203   463   201   503 0.83 -
108_T062-R1          -           1261 pbNB-ARC             -            338   1.6e-26   88.4   0.0   1   1   7.2e-27   2.6e-26   87.7   0.0     2   266   214   472   213   511 0.82 -
108_T049-R1          -           1338 pbNB-ARC             -            338   2.2e-26   88.0   0.0   1   1   1.2e-26   4.3e-26   87.0   0.0     2   272   184   450   183   547 0.72 -
108_T322-R1          -           1021 pbNB-ARC             -            338   2.6e-26   87.7   0.0   1   1   1.4e-26   5.2e-26   86.7   0.0     2   265   186   440   185   446 0.79 -
108_T195-R1          -           1018 pbNB-ARC             -            338   5.8e-26   86.6   0.0   1   1   2.7e-26   9.7e-26   85.8   0.0     3   266   186   444   184   491 0.81 -
108_T243.2-R1        -            432 pbNB-ARC             -            338   6.2e-26   86.5   0.0   1   1   2.3e-26   8.4e-26   86.0   0.0     3   272    98   359    96   401 0.81 -
108_T061-R1          -            713 pbNB-ARC             -            338   7.6e-26   86.2   0.0   1   1   4.6e-26   1.7e-25   85.1   0.0    10   267   193   437   185   451 0.82 -
108_T289.2-R1        -           1057 pbNB-ARC             -            338   1.1e-25   85.6   0.1   1   1   5.1e-26   1.9e-25   84.9   0.1    22   272   188   424   180   451 0.78 -
108_T248-R1          -           1177 pbNB-ARC             -            338   1.9e-25   84.9   0.3   1   1   3.3e-25   1.2e-24   82.2   0.3     4   271   146   398   143   441 0.76 -
108_T486-R1          -            967 pbNB-ARC             -            338   2.3e-25   84.6   0.1   1   1   9.9e-26   3.6e-25   83.9   0.1     2   269   187   446   186   499 0.83 -
108_T236-R1          -           1182 pbNB-ARC             -            338   2.5e-25   84.5   0.2   1   1   3.2e-23   1.2e-22   75.7   0.2     3   302   215   482   213   492 0.78 -
108_T434-R1          -           1110 pbNB-ARC             -            338   3.1e-25   84.2   0.0   1   1   1.7e-25   6.2e-25   83.2   0.0     2   272   185   448   184   496 0.81 -
108_T446-R1          -           1122 pbNB-ARC             -            338   3.1e-25   84.2   0.3   1   1   1.4e-25     5e-25   83.5   0.3     3   290   247   526   245   555 0.83 -
108_T085-R1          -           1115 pbNB-ARC             -            338   3.3e-25   84.1   0.1   1   1   1.8e-25   6.4e-25   83.1   0.1     2   268   198   454   197   507 0.80 -
108_T113-R1          -           1166 pbNB-ARC             -            338   3.4e-25   84.0   0.1   1   1   1.7e-25   6.3e-25   83.2   0.1     4   268   209   474   206   486 0.78 -
108_T051-R1          -           1184 pbNB-ARC             -            338   3.7e-25   83.9   0.0   1   1     2e-25   7.2e-25   83.0   0.0     2   268   190   446   189   454 0.81 -
108_T178-R1          -           1186 pbNB-ARC             -            338   4.8e-25   83.6   1.0   1   1   3.1e-25   1.1e-24   82.3   1.0     3   273   186   445   184   491 0.81 -
108_T398-R1          -            536 pbNB-ARC             -            338   4.9e-25   83.5   0.0   1   1   2.5e-25   9.1e-25   82.6   0.0     4   261   183   439   180   503 0.85 -
108_T477-R1          -            772 pbNB-ARC             -            338   6.5e-25   83.1   0.0   1   1   2.8e-25     1e-24   82.5   0.0     2   277   190   462   189   469 0.85 -
108_T212-R1          -           1133 pbNB-ARC             -            338   7.2e-25   83.0   0.0   1   1   4.9e-25   1.8e-24   81.7   0.0     2   312   226   533   225   549 0.79 -
108_T444-R1          -           1141 pbNB-ARC             -            338   7.6e-25   82.9   0.4   1   1   3.2e-25   1.2e-24   82.3   0.4     3   275   214   479   212   521 0.83 -
108_T034-R1          -            973 pbNB-ARC             -            338   9.1e-25   82.6   0.1   1   1   5.8e-25   2.1e-24   81.4   0.0     3   264   241   487   239   537 0.88 -
108_T355.1-R1        -           1324 pbNB-ARC             -            338   1.1e-24   82.4   0.1   1   1   7.7e-25   2.8e-24   81.0   0.0     4   285   243   514   240   538 0.79 -
108_T039-R1          -            507 pbNB-ARC             -            338   1.8e-24   81.7   0.0   1   1   6.6e-25   2.4e-24   81.2   0.0     2   272   184   436   183   476 0.86 -
108_T302-R1          -           1024 pbNB-ARC             -            338   2.3e-24   81.3   0.0   1   2   1.3e-06   4.6e-06   21.1   0.1     2    47   184   229   183   248 0.83 -
108_T302-R1          -           1024 pbNB-ARC             -            338   2.3e-24   81.3   0.0   2   2   1.2e-17   4.4e-17   57.4   0.0    96   265   253   416   241   436 0.88 -
108_T128-R1          -           1028 pbNB-ARC             -            338   2.4e-24   81.3   0.0   1   1     1e-24   3.7e-24   80.6   0.0     2   326   195   513   194   523 0.78 -
108_T522-R1          -           1067 pbNB-ARC             -            338     3e-24   80.9   0.0   1   1   1.4e-24   5.2e-24   80.2   0.0     4   272   191   453   189   480 0.83 -
108_T182.1-R1        -           1060 pbNB-ARC             -            338   3.1e-24   80.9   0.0   1   1   1.5e-24   5.3e-24   80.1   0.0     2   293   231   514   230   554 0.80 -
108_T081-R1          -           1093 pbNB-ARC             -            338   4.4e-24   80.4   0.0   1   1   2.5e-24     9e-24   79.4   0.0     2   269   188   446   187   531 0.80 -
108_T105-R1          -            901 pbNB-ARC             -            338     5e-24   80.2   0.2   1   1   2.2e-24   8.1e-24   79.5   0.2     2   272   186   449   185   497 0.80 -
108_T237-R1          -           1356 pbNB-ARC             -            338   5.6e-24   80.0   2.1   1   1   2.5e-24     9e-24   79.4   2.1     3   267   418   673   416   684 0.82 -
108_T164-R1          -            967 pbNB-ARC             -            338   7.6e-24   79.6   0.0   1   1     4e-24   1.5e-23   78.7   0.0     2   268   186   445   185   455 0.85 -
108_T253-R1          -           1067 pbNB-ARC             -            338   1.1e-23   79.1   0.0   1   1   4.5e-24   1.6e-23   78.5   0.0    31   271     1   230     1   262 0.88 -
108_T231-R1          -           1175 pbNB-ARC             -            338   1.6e-23   78.5   0.2   1   1   8.3e-24     3e-23   77.6   0.2     3   273   183   451   181   498 0.84 -
108_T488-R1          -           1077 pbNB-ARC             -            338     2e-23   78.2   0.8   1   1   9.3e-24   3.4e-23   77.5   0.8     2   279   112   384   111   443 0.76 -
108_T355.2-R1        -            765 pbNB-ARC             -            338   3.1e-23   77.6   0.3   1   1   1.5e-23   5.6e-23   76.8   0.3     2   273   238   504   237   546 0.83 -
108_T213-R1          -           1170 pbNB-ARC             -            338   4.5e-23   77.1   1.4   1   1   2.7e-23   9.7e-23   76.0   1.4     4   268   257   511   256   564 0.79 -
108_T498-R1          -           1067 pbNB-ARC             -            338   5.6e-23   76.7   0.1   1   1   2.9e-23   1.1e-22   75.8   0.1    12   272   247   503   237   545 0.79 -
108_T245-R1          -           1520 pbNB-ARC             -            338   6.3e-23   76.6   0.0   1   3       8.2        30   -1.3   0.0     2    36   238   272   237   277 0.82 -
108_T245-R1          -           1520 pbNB-ARC             -            338   6.3e-23   76.6   0.0   2   3       1.2       4.2    1.5   0.0    99   182   292   373   276   384 0.75 -
108_T245-R1          -           1520 pbNB-ARC             -            338   6.3e-23   76.6   0.0   3   3   7.6e-22   2.8e-21   71.2   0.0     3   267   571   833   569   882 0.80 -
108_T295-R1          -           1220 pbNB-ARC             -            338   6.5e-23   76.5   0.0   1   2         8        29   -1.2   0.0   161   181    40    60    24    68 0.78 -
108_T295-R1          -           1220 pbNB-ARC             -            338   6.5e-23   76.5   0.0   2   2   9.8e-23   3.6e-22   74.1   0.0     4   278   272   540   269   589 0.80 -
108_T183-R1          -            834 pbNB-ARC             -            338   7.2e-23   76.4   0.3   1   1   4.6e-23   1.7e-22   75.2   0.3     3   274    26   293    24   337 0.77 -
108_T481-R1          -           1211 pbNB-ARC             -            338   1.6e-22   75.2   0.5   1   1   7.9e-23   2.9e-22   74.4   0.5     2   271   209   477   208   525 0.83 -
108_T097-R1          -           1124 pbNB-ARC             -            338   2.1e-22   74.9   0.1   1   1     1e-22   3.8e-22   74.0   0.1     2   273   186   453   185   499 0.85 -
108_T321-R1          -            458 pbNB-ARC             -            338   2.2e-22   74.8   0.2   1   1     6e-23   2.2e-22   74.8   0.2    11   244   213   440   204   448 0.74 -
108_T046-R1          -            751 pbNB-ARC             -            338   2.3e-22   74.7   0.1   1   2     4e-16   1.4e-15   52.4   0.0     3   178   214   387   212   397 0.88 -
108_T046-R1          -            751 pbNB-ARC             -            338   2.3e-22   74.7   0.1   2   2   3.1e-06   1.1e-05   19.9   0.0     2   164   572   722   571   741 0.76 -
108_T419-R1          -           1132 pbNB-ARC             -            338   4.4e-22   73.8   0.5   1   2       1.1       4.1    1.6   0.1   191   284   106   217    95   238 0.62 -
108_T419-R1          -           1132 pbNB-ARC             -            338   4.4e-22   73.8   0.5   2   2   1.6e-21   5.8e-21   70.1   0.0    10   272   246   502   237   551 0.81 -
108_T455-R1          -           1199 pbNB-ARC             -            338   4.8e-22   73.7   0.0   1   1     2e-22   7.4e-22   73.1   0.0     3   272   244   506   242   510 0.81 -
108_T029-R1          -           1355 pbNB-ARC             -            338   4.9e-22   73.6   0.1   1   1     2e-22   7.2e-22   73.1   0.1     2   278   186   453   185   515 0.77 -
108_T157-R1          -           1193 pbNB-ARC             -            338   6.8e-22   73.2   1.4   1   1   3.4e-22   1.2e-21   72.3   1.4     4   278   208   486   206   528 0.76 -
108_T086-R1          -            950 pbNB-ARC             -            338   7.7e-22   73.0   0.5   1   1   3.9e-22   1.4e-21   72.1   0.5    20   272     9   253     2   308 0.78 -
108_T104-R1          -           1229 pbNB-ARC             -            338     9e-22   72.8   0.0   1   1   1.6e-21   5.9e-21   70.1   0.0     3   272   194   468   193   476 0.76 -
108_T063-R1          -            755 pbNB-ARC             -            338   1.1e-21   72.4   0.5   1   1   2.3e-21   8.2e-21   69.6   0.5    23   272   181   405   163   420 0.85 -
108_T210-R1          -           1243 pbNB-ARC             -            338   1.7e-21   71.8   0.0   1   1   1.3e-21   4.8e-21   70.4   0.0     4   290   280   556   278   596 0.77 -
108_T050-R1          -            423 pbNB-ARC             -            338   3.7e-21   70.8   0.0   1   1   1.6e-21   5.7e-21   70.2   0.0     2   236   170   391   169   405 0.82 -
108_T421-R1          -           1092 pbNB-ARC             -            338   3.7e-21   70.8   0.1   1   1   1.7e-21   6.3e-21   70.0   0.1     2   272   188   449   187   508 0.81 -
108_T578-R1          -            347 pbNB-ARC             -            338   8.8e-21   69.5   0.6   1   1   1.5e-20   5.5e-20   66.9   0.6     2   212    55   310    54   315 0.72 -
108_T230-R1          -           1129 pbNB-ARC             -            338     1e-20   69.3   0.1   1   1   5.3e-21   1.9e-20   68.4   0.1     3   273   183   452   181   497 0.81 -
108_T508-R1          -           1061 pbNB-ARC             -            338   1.5e-20   68.8   0.0   1   1   7.2e-21   2.6e-20   68.0   0.0     3   273   182   447   180   469 0.83 -
108_T225-R1          -            376 pbNB-ARC             -            338   4.2e-20   67.3   1.7   1   1   2.9e-20     1e-19   66.0   1.7    18   161   109   293    92   358 0.73 -
108_T048-R1          -            515 pbNB-ARC             -            338   7.1e-20   66.5   0.0   1   1   3.4e-20   1.2e-19   65.8   0.0     3   235   255   473   253   483 0.83 -
108_T417-R1          -           1009 pbNB-ARC             -            338   7.7e-20   66.4   0.0   1   1   3.4e-20   1.2e-19   65.7   0.0     3   276   185   457   183   498 0.84 -
108_T404-R1          -           1036 pbNB-ARC             -            338   9.8e-20   66.1   0.0   1   1   4.5e-20   1.6e-19   65.4   0.0     8   269   165   418   157   429 0.80 -
108_T492-R1          -            514 pbNB-ARC             -            338   1.3e-19   65.6   0.0   1   1   6.5e-20   2.4e-19   64.8   0.0     2   216   199   410   198   447 0.81 -
108_T037-R1          -           1321 pbNB-ARC             -            338   1.4e-19   65.6   0.3   1   1   5.8e-20   2.1e-19   65.0   0.3     2   249   181   418   180   436 0.79 -
108_T033-R1          -           1592 pbNB-ARC             -            338   1.6e-19   65.4   0.6   1   1   6.9e-20   2.5e-19   64.7   0.6     2   272   188   446   187   488 0.80 -
108_T117-R1          -           1287 pbNB-ARC             -            338     3e-19   64.5   0.0   1   1   2.6e-19   9.4e-19   62.9   0.0    10   269    33   273    26   285 0.74 -
108_T106-R1          -           1210 pbNB-ARC             -            338   4.6e-19   63.9   0.0   1   1   2.9e-19   1.1e-18   62.7   0.0     3   283   234   517   232   539 0.76 -
108_T297-R1          -           1239 pbNB-ARC             -            338   9.7e-19   62.8   0.1   1   1   3.8e-18   1.4e-17   59.0   0.1     2   280   252   514   251   558 0.78 -
108_T083-R1          -           1033 pbNB-ARC             -            338   1.2e-18   62.5   0.0   1   1   5.6e-19     2e-18   61.8   0.0     2   269    73   331    72   388 0.77 -
108_T030-R1          -           1323 pbNB-ARC             -            338   3.7e-18   60.9   0.1   1   1   1.6e-18   5.8e-18   60.3   0.1     3   249   186   421   184   434 0.81 -
108_T392-R1          -           1213 pbNB-ARC             -            338     4e-18   60.8   0.0   1   1   1.9e-18   6.9e-18   60.0   0.0     2   273   239   507   238   549 0.77 -
108_T344-R1          -            532 pbNB-ARC             -            338   6.3e-18   60.1   0.0   1   1   2.5e-18   9.2e-18   59.6   0.0     2   232   240   466   239   498 0.79 -
108_T566-R1          -            386 pbNB-ARC             -            338   7.7e-18   59.9   1.6   1   1   5.8e-17   2.1e-16   55.1   1.6     2   212    82   346    81   349 0.71 -
108_T249-R1          -           1368 pbNB-ARC             -            338   8.3e-18   59.8   0.0   1   1   4.8e-18   1.8e-17   58.7   0.0    21   268   481   717   463   727 0.75 -
108_T158-R1          -            961 pbNB-ARC             -            338   1.5e-17   58.9   0.0   1   1   4.3e-17   1.6e-16   55.5   0.0    11   272   145   419   137   481 0.71 -
108_T224.2-R1        -           1194 pbNB-ARC             -            338   1.8e-17   58.6   2.4   1   1     1e-17   3.7e-17   57.6   2.4     8   319    12   363     7   374 0.73 -
108_T400-R1          -            827 pbNB-ARC             -            338   2.1e-17   58.4   0.0   1   1   1.6e-17   5.8e-17   57.0   0.0    16   272    13   251     1   258 0.72 -
108_T198-R1          -           1173 pbNB-ARC             -            338   2.5e-17   58.2   0.0   1   1   1.3e-17   4.6e-17   57.3   0.0     3   253   192   440   190   515 0.82 -
108_T026-R1          -           1306 pbNB-ARC             -            338   3.2e-16   54.5   0.6   1   2   6.8e-11   2.5e-10   35.2   1.2     2   114   185   296   184   308 0.74 -
108_T026-R1          -           1306 pbNB-ARC             -            338   3.2e-16   54.5   0.6   2   2   3.6e-05   0.00013   16.4   0.0   156   249   311   397   300   408 0.84 -
108_T193-R1          -           1637 pbNB-ARC             -            338   3.2e-16   54.5   0.1   1   1   1.4e-16     5e-16   53.9   0.1     2   213   654   860   653   907 0.79 -
108_T196-R1          -            460 pbNB-ARC             -            338   3.2e-14   47.9   0.0   1   1   1.9e-14   6.7e-14   46.9   0.0     3   222   182   388   180   410 0.75 -
108_T028-R1          -           1369 pbNB-ARC             -            338   3.4e-14   47.9   0.4   1   2   2.6e-05   9.3e-05   16.8   0.1     2    61    41    98    40   121 0.80 -
108_T028-R1          -           1369 pbNB-ARC             -            338   3.4e-14   47.9   0.4   2   2   5.1e-09   1.9e-08   29.0   0.0   134   272   137   267   113   309 0.88 -
108_T274-R1          -            635 pbNB-ARC             -            338   4.4e-14   47.5   0.0   1   1   1.8e-14   6.5e-14   46.9   0.0     2   254   181   416   180   435 0.80 -
108_T301-R1          -            421 pbNB-ARC             -            338   4.7e-14   47.4   0.0   1   1   2.5e-14   9.1e-14   46.5   0.0     3   244   179   406   177   412 0.75 -
108_T203-R1          -           1038 pbNB-ARC             -            338   7.2e-13   43.5   0.2   1   2       1.2       4.3    1.5   0.1    20    38   542   560   527   582 0.73 -
108_T203-R1          -           1038 pbNB-ARC             -            338   7.2e-13   43.5   0.2   2   2   3.8e-12   1.4e-11   39.3   0.0   100   272   589   745   579   757 0.83 -
108_T354-R1          -            703 pbNB-ARC             -            338   1.7e-12   42.3   0.0   1   1   1.1e-12   4.2e-12   41.0   0.0    10   142   177   305   172   310 0.74 -
108_T427-R1          -            927 pbNB-ARC             -            338   3.5e-11   38.0   0.0   1   1   2.2e-11   8.1e-11   36.8   0.0     2   177   268   443   267   450 0.82 -
108_T043-R1          -            380 pbNB-ARC             -            338   4.3e-11   37.7   0.1   1   2       2.7       9.9    0.3   0.0    71   111    34    71    24    81 0.80 -
108_T043-R1          -            380 pbNB-ARC             -            338   4.3e-11   37.7   0.1   2   2   9.4e-11   3.4e-10   34.7   0.0     2   178   186   349   185   366 0.85 -
108_T280-R1          -            858 pbNB-ARC             -            338   8.7e-09   30.1   0.0   1   1   4.9e-09   1.8e-08   29.1   0.0   165   276   261   366   257   420 0.82 -
108_T324-R1          -            416 pbNB-ARC             -            338   8.2e-07   23.6   0.0   1   1   3.7e-07   1.4e-06   22.9   0.0   246   282     7    43     2    94 0.85 -
108_T300-R1          -            381 pbNB-ARC             -            338   1.9e-06   22.4   0.0   1   1   8.3e-07     3e-06   21.7   0.0     4   177   193   360   191   372 0.81 -
108_T288-R1          -             65 pbNB-ARC             -            338   5.4e-06   20.9   0.0   1   1   1.8e-06   6.4e-06   20.7   0.0   166   212    16    59    11    62 0.89 -
#
# Program:         hmmsearch
# Version:         3.3.2 (Nov 2020)
# Pipeline mode:   SEARCH
# Query file:      ProteinFamily/HMM_models/pbNB-ARC.hmm
# Target file:     ProteinFamily/Proteomes/108.aa.fa
# Option settings: hmmsearch -A pbNB-ARC.hmmalign.sto --domtblout pbNB-ARC.hmmalign.tbl -E 1e-5 ProteinFamily/HMM_models/pbNB-ARC.hmm ProteinFamily/Proteomes/108.aa.fa 
# Current dir:     /content
# Date:            Sat Oct  2 01:50:06 2021
# [ok]
